0.307620 0.337970 0.312521 0.318768 0.321189 0.320176 0.323953 0.329702 0.339492 0.343435 0.339249 0.310677 0.318200
0.337970 0.302196 0.337252 0.338327 0.323062 0.331893 0.320407 0.357124 0.366712 0.370605 0.309205 0.339487 0.333731
0.312521 0.337252 0.308376 0.316587 0.320447 0.319338 0.323330 0.333071 0.342826 0.346761 0.338505 0.314381 0.318065
0.318768 0.338327 0.316587 0.308405 0.321231 0.319874 0.324513 0.338974 0.348699 0.352626 0.339585 0.320498 0.320906
0.321189 0.323062 0.320447 0.321231 0.299078 0.313505 0.308781 0.340583 0.350212 0.354116 0.324665 0.322717 0.316810
0.320176 0.331893 0.319338 0.319874 0.313505 0.308243 0.317438 0.339846 0.349516 0.353430 0.333346 0.321735 0.316522
0.323953 0.320407 0.323330 0.324513 0.308781 0.317438 0.298246 0.343107 0.352700 0.356595 0.322440 0.325452 0.318954
0.329702 0.357124 0.333071 0.338974 0.340583 0.339846 0.343107 0.258078 0.269910 0.274358 0.358444 0.327569 0.337713
0.339492 0.366712 0.342826 0.348699 0.350212 0.349516 0.352700 0.269910 0.257923 0.267074 0.368038 0.337406 0.347383
0.343435 0.370605 0.346761 0.352626 0.354116 0.353430 0.356595 0.274358 0.267074 0.257817 0.371933 0.341361 0.351299
0.339249 0.309205 0.338505 0.339585 0.324665 0.333346 0.322440 0.358444 0.368038 0.371933 0.284341 0.340773 0.335203
0.310677 0.339487 0.314381 0.320498 0.322717 0.321735 0.325452 0.327569 0.337406 0.341361 0.340773 0.307352 0.319642
0.318200 0.333731 0.318065 0.320906 0.316810 0.316522 0.318954 0.337713 0.347383 0.351299 0.335203 0.319642 0.306950
