0.000010 0.000010 0.032911 0.000010 0.967029 0.000010 0.000010 0.000010
0.000010 0.000010 0.000010 0.000010 0.999930 0.000010 0.000010 0.000010
0.447684 0.000010 0.000010 0.000010 0.552256 0.000010 0.000010 0.000010
0.999930 0.000010 0.000010 0.000010 0.000010 0.000010 0.000010 0.000010
0.640562 0.000010 0.000010 0.000010 0.359378 0.000010 0.000010 0.000010
0.636044 0.000010 0.000010 0.000010 0.363895 0.000011 0.000011 0.000010
0.999929 0.000010 0.000010 0.000010 0.000011 0.000010 0.000010 0.000010
0.000010 0.000010 0.136011 0.000010 0.863929 0.000010 0.000010 0.000010
0.548721 0.000010 0.000010 0.000010 0.451219 0.000010 0.000010 0.000010
0.545489 0.000010 0.000010 0.000010 0.454451 0.000010 0.000010 0.000010
0.000010 0.000010 0.000010 0.000010 0.999930 0.000010 0.000010 0.000010
0.625408 0.000015 0.000010 0.000010 0.374527 0.000010 0.000010 0.000010
0.433113 0.000010 0.566827 0.000010 0.000010 0.000010 0.000010 0.000010
0.413708 0.000010 0.586232 0.000010 0.000010 0.000010 0.000010 0.000010
0.000010 0.000010 0.999916 0.000017 0.000018 0.000010 0.000010 0.000010
0.000010 0.000010 0.999928 0.000012 0.000010 0.000010 0.000010 0.000010
0.000010 0.000010 0.999930 0.000010 0.000010 0.000010 0.000010 0.000010
0.416116 0.000010 0.583823 0.000010 0.000010 0.000010 0.000010 0.000010
0.418835 0.000010 0.581105 0.000010 0.000010 0.000010 0.000010 0.000010
0.410424 0.000010 0.589516 0.000010 0.000010 0.000010 0.000010 0.000010
0.000010 0.999930 0.000010 0.000010 0.000010 0.000010 0.000010 0.000010
0.000010 0.999930 0.000010 0.000010 0.000010 0.000010 0.000010 0.000010
0.000010 0.773727 0.000010 0.000010 0.000010 0.000010 0.000010 0.226213
0.000010 0.000010 0.000010 0.602136 0.000010 0.000010 0.000010 0.397804
0.000010 0.999923 0.000017 0.000010 0.000010 0.000010 0.000010 0.000010
0.000010 0.999930 0.000010 0.000010 0.000010 0.000010 0.000010 0.000010
0.000011 0.000010 0.000010 0.000010 0.999929 0.000010 0.000010 0.000010
0.000010 0.436694 0.000010 0.000010 0.000010 0.306299 0.032508 0.224458
0.000010 0.429314 0.000010 0.000010 0.000010 0.299605 0.068768 0.202273
0.000010 0.452929 0.000010 0.000010 0.000010 0.326807 0.044984 0.175240
0.000010 0.000010 0.000010 0.000010 0.000010 0.999930 0.000010 0.000010
0.000010 0.000010 0.000010 0.999930 0.000010 0.000010 0.000010 0.000010
0.000010 0.000010 0.000010 0.999930 0.000010 0.000010 0.000010 0.000010
0.000010 0.000010 0.000010 0.999930 0.000010 0.000010 0.000010 0.000010
0.000012 0.000010 0.000010 0.000010 0.000010 0.000010 0.000010 0.999928
0.000010 0.999930 0.000010 0.000010 0.000010 0.000010 0.000010 0.000010
0.000010 0.999930 0.000010 0.000010 0.000010 0.000010 0.000010 0.000010
0.000010 0.000010 0.000010 0.000010 0.000010 0.000013 0.000010 0.999927
0.000013 0.414539 0.000020 0.000010 0.000010 0.328493 0.062172 0.194742
0.000011 0.000010 0.000010 0.000010 0.000010 0.999929 0.000010 0.000010
0.000010 0.000010 0.000010 0.999930 0.000010 0.000010 0.000010 0.000010
0.000010 0.999930 0.000010 0.000010 0.000010 0.000010 0.000010 0.000010
0.000010 0.424628 0.000010 0.000010 0.000010 0.323114 0.074896 0.177321
0.000010 0.000010 0.000010 0.000010 0.000010 0.000010 0.999930 0.000010
0.000010 0.000010 0.000010 0.000010 0.000010 0.000010 0.999930 0.000010
0.000010 0.000011 0.000013 0.000010 0.000010 0.000010 0.999925 0.000010
0.000010 0.000010 0.000010 0.000010 0.000010 0.000010 0.999930 0.000010
0.000010 0.000010 0.000010 0.000010 0.000010 0.000010 0.000010 0.999930
0.000010 0.000010 0.000010 0.000010 0.000010 0.999930 0.000010 0.000010
