0.000011 0.761051 0.000010 0.000010 0.000011 0.000010 0.238888 0.000010
0.000010 0.804969 0.000010 0.000010 0.000010 0.000010 0.194971 0.000010
0.000011 0.747990 0.000010 0.000010 0.000010 0.000010 0.251949 0.000010
0.000010 0.720799 0.000010 0.000010 0.000010 0.000010 0.276528 0.002623
0.000010 0.746766 0.000010 0.000010 0.000010 0.000010 0.253174 0.000010
0.000010 0.732918 0.000012 0.000015 0.000010 0.000010 0.241655 0.025371
0.000010 0.647662 0.000010 0.000010 0.000010 0.000010 0.303791 0.048497
0.000010 0.714829 0.000010 0.000010 0.000010 0.000010 0.280121 0.005001
0.000010 0.768273 0.000010 0.000010 0.000010 0.000010 0.207748 0.023929
0.000010 0.782511 0.000010 0.000010 0.000010 0.000010 0.178161 0.039278
0.000010 0.774059 0.000010 0.000010 0.000010 0.000010 0.225881 0.000010
0.000010 0.703511 0.000010 0.000010 0.000010 0.000010 0.296429 0.000010
0.000010 0.000010 0.000010 0.000010 0.000010 0.000010 0.999930 0.000010
0.000010 0.000010 0.000010 0.000010 0.000010 0.000010 0.999930 0.000010
0.000010 0.000010 0.000010 0.000010 0.000010 0.000010 0.000010 0.999930
0.000010 0.000010 0.000010 0.000010 0.000010 0.000010 0.000010 0.999930
0.000010 0.000010 0.000016 0.000010 0.000010 0.000019 0.000010 0.999915
0.000010 0.000010 0.000010 0.000010 0.000010 0.000010 0.999930 0.000010
0.000010 0.000010 0.000010 0.000010 0.000010 0.000010 0.999930 0.000010
0.000010 0.000010 0.000010 0.000010 0.000010 0.000010 0.999930 0.000010
0.000020 0.000018 0.000018 0.000020 0.999885 0.000019 0.000010 0.000010
0.000010 0.000010 0.000010 0.000010 0.999930 0.000010 0.000010 0.000010
0.000010 0.000019 0.196841 0.000017 0.803084 0.000010 0.000010 0.000010
0.000010 0.000010 0.999930 0.000010 0.000010 0.000010 0.000010 0.000010
0.000010 0.000010 0.000010 0.000010 0.999930 0.000010 0.000010 0.000010
0.000010 0.000010 0.000010 0.000010 0.999930 0.000010 0.000010 0.000010
0.000010 0.999930 0.000010 0.000010 0.000010 0.000010 0.000010 0.000010
0.000010 0.000010 0.299205 0.027415 0.673331 0.000010 0.000010 0.000010
0.000010 0.000010 0.276134 0.067870 0.655946 0.000010 0.000010 0.000010
0.030293 0.000010 0.266487 0.046740 0.656440 0.000010 0.000010 0.000010
0.000010 0.000010 0.000010 0.000010 0.000010 0.999930 0.000010 0.000010
0.000010 0.000010 0.000010 0.000010 0.000012 0.999928 0.000010 0.000010
0.999930 0.000010 0.000010 0.000010 0.000010 0.000010 0.000010 0.000010
0.000010 0.000010 0.999930 0.000010 0.000010 0.000010 0.000010 0.000010
0.000010 0.000011 0.312380 0.068904 0.618665 0.000010 0.000010 0.000010
0.000010 0.000010 0.000010 0.000010 0.999930 0.000010 0.000010 0.000010
0.000010 0.000010 0.000010 0.000010 0.999930 0.000010 0.000010 0.000010
0.000010 0.000010 0.999929 0.000010 0.000010 0.000011 0.000010 0.000010
0.000010 0.000010 0.286041 0.062892 0.651017 0.000010 0.000010 0.000010
0.000010 0.000010 0.322475 0.069274 0.608201 0.000010 0.000010 0.000010
0.999923 0.000010 0.000010 0.000010 0.000010 0.000017 0.000010 0.000010
0.000010 0.000010 0.000010 0.000010 0.999930 0.000010 0.000010 0.000010
0.000013 0.000010 0.285129 0.074472 0.640346 0.000010 0.000010 0.000010
0.000010 0.000010 0.000010 0.999930 0.000010 0.000010 0.000010 0.000010
0.000010 0.000010 0.000010 0.999929 0.000011 0.000010 0.000010 0.000010
0.000010 0.000010 0.000010 0.999930 0.000010 0.000010 0.000010 0.000010
0.000010 0.000010 0.000010 0.999930 0.000010 0.000010 0.000010 0.000010
0.000010 0.000010 0.999930 0.000010 0.000010 0.000010 0.000010 0.000010
0.000010 0.000010 0.574310 0.000010 0.000010 0.425630 0.000010 0.000010
