0.214124 0.000010 0.000010 0.000010 0.000010 0.000015 0.000010 0.785811
0.167328 0.000010 0.000010 0.000013 0.000010 0.000010 0.000010 0.832609
0.227091 0.000010 0.000010 0.000010 0.000010 0.000010 0.000010 0.772849
0.254778 0.000010 0.000010 0.000010 0.000010 0.000010 0.000010 0.745162
0.226162 0.000010 0.000010 0.000010 0.000010 0.000010 0.000010 0.773778
0.247266 0.000010 0.000010 0.000010 0.000010 0.000010 0.000010 0.752674
0.334590 0.000010 0.000010 0.000010 0.000010 0.000010 0.000010 0.665350
0.260283 0.000010 0.000010 0.000010 0.000010 0.000010 0.000010 0.739657
0.214751 0.000010 0.000010 0.000019 0.000010 0.000010 0.000010 0.785180
0.204634 0.000010 0.000010 0.000010 0.000010 0.000010 0.000010 0.795306
0.192021 0.000010 0.000010 0.000010 0.000010 0.000013 0.000010 0.807917
0.266145 0.000010 0.000010 0.000010 0.000010 0.000013 0.000010 0.733792
0.999927 0.000010 0.000010 0.000013 0.000010 0.000010 0.000010 0.000010
0.999924 0.000010 0.000016 0.000010 0.000010 0.000010 0.000010 0.000010
0.999930 0.000010 0.000010 0.000010 0.000010 0.000010 0.000010 0.000010
0.999928 0.000010 0.000010 0.000011 0.000011 0.000010 0.000010 0.000010
0.999927 0.000013 0.000010 0.000010 0.000010 0.000010 0.000010 0.000010
0.999930 0.000010 0.000010 0.000010 0.000010 0.000010 0.000010 0.000010
0.999930 0.000010 0.000010 0.000010 0.000010 0.000010 0.000010 0.000010
0.999930 0.000010 0.000010 0.000010 0.000010 0.000010 0.000010 0.000010
0.000010 0.000010 0.000010 0.335802 0.461969 0.000010 0.202179 0.000010
0.000010 0.000010 0.000010 0.000010 0.999930 0.000010 0.000010 0.000010
0.000012 0.000010 0.000010 0.000010 0.999928 0.000010 0.000010 0.000010
0.000010 0.802196 0.197744 0.000010 0.000010 0.000010 0.000010 0.000010
0.000014 0.000010 0.000010 0.000010 0.000010 0.000010 0.999926 0.000010
0.000010 0.000010 0.000010 0.000010 0.999930 0.000010 0.000010 0.000010
0.000010 0.000010 0.000010 0.000010 0.000010 0.000010 0.000010 0.999930
0.000010 0.000010 0.000010 0.999930 0.000010 0.000010 0.000010 0.000010
0.000012 0.000010 0.000010 0.999928 0.000010 0.000010 0.000010 0.000010
0.000010 0.000010 0.000010 0.999930 0.000010 0.000010 0.000010 0.000010
0.000010 0.999930 0.000010 0.000010 0.000010 0.000010 0.000010 0.000010
0.000010 0.999930 0.000010 0.000010 0.000010 0.000010 0.000010 0.000010
0.000010 0.000010 0.999930 0.000010 0.000010 0.000010 0.000010 0.000010
0.000010 0.999930 0.000010 0.000010 0.000010 0.000010 0.000010 0.000010
0.000010 0.000017 0.000011 0.999922 0.000010 0.000010 0.000010 0.000010
0.000010 0.000010 0.000010 0.000010 0.000010 0.000019 0.999921 0.000010
0.000010 0.000010 0.000016 0.000010 0.999924 0.000010 0.000010 0.000010
0.000010 0.999930 0.000010 0.000010 0.000010 0.000010 0.000010 0.000010
0.000010 0.000015 0.000010 0.999925 0.000010 0.000010 0.000010 0.000010
0.000010 0.000010 0.000010 0.999930 0.000010 0.000010 0.000010 0.000010
0.000010 0.640559 0.359381 0.000010 0.000010 0.000010 0.000010 0.000010
0.000014 0.000010 0.000010 0.000010 0.000010 0.000010 0.999926 0.000010
0.000010 0.000010 0.000010 0.999930 0.000010 0.000010 0.000010 0.000010
0.000010 0.000010 0.000010 0.000010 0.000010 0.999930 0.000010 0.000010
0.000010 0.000010 0.000010 0.000010 0.000010 0.999930 0.000010 0.000010
0.000010 0.000010 0.000010 0.000010 0.000010 0.999930 0.000010 0.000010
0.000010 0.000010 0.000012 0.000010 0.000010 0.999928 0.000010 0.000010
0.000010 0.000010 0.999930 0.000010 0.000010 0.000010 0.000010 0.000010
0.000010 0.999928 0.000011 0.000010 0.000010 0.000010 0.000010 0.000010
