0.000010 0.000010 0.777436 0.222544
0.000010 0.000010 0.821704 0.178276
0.000010 0.000010 0.765115 0.234865
0.000010 0.000010 0.737235 0.262745
0.000010 0.000010 0.765027 0.234953
0.000010 0.000010 0.744104 0.255876
0.000010 0.000010 0.658556 0.341424
0.000010 0.000010 0.731882 0.268098
0.000010 0.000010 0.775384 0.224596
0.000010 0.000010 0.785721 0.214259
0.000010 0.000010 0.797405 0.202575
0.000010 0.000010 0.725824 0.274156
0.000010 0.000010 0.000010 0.999970
0.000010 0.000010 0.000010 0.999970
0.000010 0.000010 0.000010 0.999970
0.000010 0.000010 0.000010 0.999970
0.000010 0.000010 0.000010 0.999970
0.000010 0.000010 0.000010 0.999970
0.000010 0.000010 0.000010 0.999970
0.000010 0.000010 0.000010 0.999970
0.030904 0.969076 0.000010 0.000010
0.000010 0.999970 0.000010 0.000010
0.035700 0.964280 0.000010 0.000010
0.000010 0.740897 0.156582 0.102511
0.070964 0.929016 0.000010 0.000010
0.025684 0.974296 0.000010 0.000010
0.000010 0.000010 0.999970 0.000010
0.041841 0.958139 0.000010 0.000010
0.078008 0.921972 0.000010 0.000010
0.053752 0.946228 0.000010 0.000010
0.000010 0.758361 0.140594 0.101035
0.000010 0.766337 0.146817 0.086836
0.000010 0.783809 0.152551 0.063630
0.000010 0.781491 0.125860 0.092639
0.074217 0.925763 0.000010 0.000010
0.033214 0.966766 0.000010 0.000010
0.067012 0.932968 0.000010 0.000010
0.000010 0.754587 0.152319 0.093084
0.072227 0.927753 0.000010 0.000010
0.076900 0.923080 0.000010 0.000010
0.000010 0.756551 0.143402 0.100038
0.056254 0.943726 0.000010 0.000010
0.083551 0.916429 0.000010 0.000010
0.999970 0.000010 0.000010 0.000010
0.999970 0.000010 0.000010 0.000010
0.999970 0.000010 0.000010 0.000010
0.999970 0.000010 0.000010 0.000010
0.000010 0.726831 0.184222 0.088937
0.000010 0.747777 0.177386 0.074827
