0.213073 0.537499 0.731551 0.725306 0.826418 0.622176 0.658568 0.619018 0.605384 0.583511 0.633253 0.754953
0.537499 0.240904 0.595660 0.589784 0.702954 0.499394 0.535934 0.496436 0.480469 0.462485 0.508690 0.619903
0.731551 0.595660 0.216424 0.236921 0.770857 0.579652 0.626261 0.578421 0.564517 0.581230 0.573412 0.288921
0.725306 0.589784 0.236921 0.216555 0.763010 0.571936 0.618668 0.570728 0.556813 0.574010 0.565452 0.270567
0.826418 0.702954 0.770857 0.763010 0.275881 0.570208 0.648552 0.567297 0.620101 0.633591 0.611465 0.790735
0.622176 0.499394 0.579652 0.571936 0.570208 0.335419 0.439573 0.350346 0.417824 0.427503 0.416387 0.599441
0.658568 0.535934 0.626261 0.618668 0.648552 0.439573 0.333830 0.434962 0.453579 0.461073 0.466625 0.646037
0.619018 0.496436 0.578421 0.570728 0.567297 0.350346 0.434962 0.335351 0.416241 0.424066 0.416696 0.598248
0.605384 0.480469 0.564517 0.556813 0.620101 0.417824 0.453579 0.416241 0.329902 0.411978 0.409617 0.583345
0.583511 0.462485 0.581230 0.574010 0.633591 0.427503 0.461073 0.424066 0.411978 0.327683 0.441016 0.601777
0.633253 0.508690 0.573412 0.565452 0.611465 0.416387 0.466625 0.416696 0.409617 0.441016 0.323284 0.592429
0.754953 0.619903 0.288921 0.270567 0.790735 0.599441 0.646037 0.598248 0.583345 0.601777 0.592429 0.224183
