    -nan 0.340493 0.312205 0.320660 0.318559 0.325033 0.320554 0.319597 0.335891 0.335519 0.339309 0.308471 0.312752
0.340493 0.304937 0.337563 0.341819 0.323385 0.333699 0.315146 0.358946 0.374612 0.374244 0.306265 0.339398 0.335862
0.312205 0.337563 0.309070 0.317658 0.318937 0.323372 0.318862 0.331496 0.347916 0.346456 0.336076 0.312899 0.314799
0.320660 0.341819 0.317658     -nan 0.321924 0.327807 0.323258 0.340332 0.356315 0.356040 0.339949 0.320643 0.321099
0.318559 0.323385 0.318937 0.321924 0.293774 0.309622 0.302460 0.338755 0.356274 0.354419 0.321951 0.317812 0.313706
0.325033 0.333699 0.323372 0.327807 0.309622 0.320419 0.312804 0.342820 0.358934 0.358283 0.332691 0.321701 0.318489
0.320554 0.315146 0.318862 0.323258 0.302460 0.312804     -nan 0.340295 0.356664 0.356005 0.314496 0.319684 0.316924
0.319597 0.358946 0.331496 0.340332 0.338755 0.342820 0.340295 0.260867 0.270746 0.273577 0.358691 0.328636 0.331128
0.335891 0.374612 0.347916 0.356315 0.356274 0.358934 0.356664 0.270746 0.245674 0.263471 0.373533 0.345516 0.347574
0.335519 0.374244 0.346456 0.356040 0.354419 0.358283 0.356005 0.273577 0.263471 0.256155 0.373111 0.344023 0.347340
0.339309 0.306265 0.336076 0.339949 0.321951 0.332691 0.314496 0.358691 0.373533 0.373111     -nan 0.337615 0.336918
0.308471 0.339398 0.312899 0.320643 0.317812 0.321701 0.319684 0.328636 0.345516 0.344023 0.337615     -nan 0.301898
0.312752 0.335862 0.314799 0.321099 0.313706 0.318489 0.316924 0.331128 0.347574 0.347340 0.336918 0.301898     -nan
