0.307720 0.337943 0.312518 0.318820 0.321136 0.320206 0.323958 0.329897 0.339650 0.343616 0.338886 0.310874 0.318101
0.337943 0.302190 0.337256 0.338477 0.322889 0.331860 0.320270 0.357033 0.366595 0.370515 0.308871 0.339517 0.333619
0.312518 0.337256 0.308454 0.316661 0.320423 0.319392 0.323362 0.333084 0.342806 0.346766 0.338172 0.314458 0.317966
0.318820 0.338477 0.316661 0.308394 0.321354 0.320065 0.324694 0.339010 0.348702 0.352655 0.339399 0.320621 0.320926
0.321136 0.322889 0.320423 0.321354 0.298972 0.313453 0.308707 0.340459 0.350061 0.353991 0.324147 0.322720 0.316674
0.320206 0.331860 0.319392 0.320065 0.313453 0.308310 0.317463 0.339809 0.349449 0.353389 0.332974 0.321823 0.316489
0.323958 0.320270 0.323362 0.324694 0.308707 0.317463 0.298283 0.343041 0.352609 0.356530 0.321954 0.325512 0.318902
0.329897 0.357033 0.333084 0.339010 0.340459 0.339809 0.343041 0.258073 0.269890 0.274356 0.358018 0.327957 0.337507
0.339650 0.366595 0.342806 0.348702 0.350061 0.349449 0.352609 0.269890 0.257967 0.267280 0.367585 0.337755 0.347148
0.343616 0.370515 0.346766 0.352655 0.353991 0.353389 0.356530 0.274356 0.267280 0.257851 0.371506 0.341733 0.351089
0.338886 0.308871 0.338172 0.339399 0.324147 0.332974 0.321954 0.358018 0.367585 0.371506 0.282157 0.340468 0.334752
0.310874 0.339517 0.314458 0.320621 0.322720 0.321823 0.325512 0.327957 0.337755 0.341733 0.340468 0.307277 0.319593
0.318101 0.333619 0.317966 0.320926 0.316674 0.316489 0.318902 0.337507 0.347148 0.351089 0.334752 0.319593 0.306929
