0.000010 0.000010 0.000010 0.000010 0.061970 0.000010 0.000010 0.937970
0.896874 0.000010 0.103066 0.000010 0.000010 0.000010 0.000010 0.000010
0.914565 0.000010 0.085375 0.000010 0.000010 0.000010 0.000010 0.000010
0.902234 0.000010 0.097706 0.000010 0.000010 0.000010 0.000010 0.000010
0.000010 0.000010 0.999930 0.000010 0.000010 0.000010 0.000010 0.000010
0.866192 0.000010 0.133748 0.000010 0.000010 0.000010 0.000010 0.000010
0.000010 0.000010 0.999930 0.000010 0.000010 0.000010 0.000010 0.000010
0.941427 0.000010 0.058513 0.000010 0.000010 0.000010 0.000010 0.000010
0.886130 0.000010 0.113810 0.000010 0.000010 0.000010 0.000010 0.000010
0.000010 0.000010 0.000010 0.000010 0.000012 0.000010 0.000010 0.999928
0.000010 0.000010 0.000010 0.000010 0.000010 0.000010 0.000010 0.999930
0.000010 0.000010 0.000010 0.000010 0.000010 0.000010 0.000010 0.999930
0.000010 0.000010 0.000010 0.000010 0.000010 0.000010 0.000010 0.999930
0.000010 0.000010 0.000010 0.000010 0.000010 0.000010 0.000010 0.999930
0.000010 0.000012 0.000010 0.000010 0.000010 0.000010 0.000010 0.999928
0.000010 0.000010 0.000010 0.000010 0.000010 0.000010 0.000010 0.999930
0.000010 0.000010 0.000010 0.000010 0.000010 0.000010 0.000010 0.999930
0.000010 0.000010 0.000010 0.000010 0.000010 0.000010 0.000010 0.999930
0.000019 0.999909 0.000019 0.000010 0.000012 0.000010 0.000011 0.000010
0.999920 0.000015 0.000010 0.000014 0.000010 0.000011 0.000010 0.000010
0.446458 0.053136 0.000010 0.000010 0.000010 0.000010 0.051313 0.449053
0.421781 0.051442 0.000010 0.000010 0.000010 0.000010 0.066762 0.459976
0.000010 0.000010 0.000010 0.000010 0.000010 0.000010 0.999930 0.000010
0.999922 0.000013 0.000010 0.000011 0.000010 0.000014 0.000010 0.000010
0.551413 0.017070 0.030514 0.000010 0.000010 0.000010 0.017631 0.383343
0.000010 0.000010 0.000010 0.000010 0.000010 0.000010 0.999930 0.000010
0.000010 0.000010 0.000010 0.999930 0.000010 0.000010 0.000010 0.000010
0.000010 0.014374 0.000010 0.000010 0.000012 0.000010 0.000010 0.985565
0.327515 0.127915 0.000010 0.000010 0.000010 0.000010 0.049578 0.494952
0.000018 0.999915 0.000010 0.000014 0.000013 0.000010 0.000010 0.000010
0.000010 0.000014 0.000010 0.999919 0.000018 0.000010 0.000010 0.000010
0.000010 0.000010 0.000010 0.999926 0.000010 0.000010 0.000014 0.000010
0.000010 0.000012 0.000010 0.000010 0.823015 0.000010 0.000010 0.176924
0.000010 0.000010 0.000010 0.000010 0.813673 0.000010 0.000010 0.186267
0.000010 0.000017 0.000010 0.000016 0.999917 0.000010 0.000010 0.000010
0.000010 0.000010 0.000010 0.000010 0.999930 0.000010 0.000010 0.000010
0.000010 0.000010 0.000010 0.000010 0.999930 0.000010 0.000010 0.000010
0.000010 0.000011 0.000010 0.000010 0.999929 0.000010 0.000010 0.000010
0.000011 0.000018 0.000010 0.000010 0.999920 0.000010 0.000011 0.000010
0.000010 0.000010 0.000012 0.000010 0.999928 0.000010 0.000010 0.000010
0.000010 0.000010 0.000010 0.000010 0.751788 0.000010 0.000010 0.248152
0.000010 0.000010 0.000010 0.000010 0.000010 0.999930 0.000010 0.000010
0.000010 0.000011 0.000010 0.000010 0.999929 0.000010 0.000011 0.000010
0.000010 0.000010 0.000010 0.000010 0.999930 0.000010 0.000010 0.000010
0.000010 0.000010 0.000010 0.000010 0.999930 0.000010 0.000010 0.000010
0.000010 0.000010 0.000010 0.000010 0.000010 0.000010 0.242075 0.757865
0.901542 0.000010 0.098398 0.000010 0.000010 0.000010 0.000010 0.000010
0.000010 0.000010 0.000010 0.000010 0.000010 0.000010 0.000010 0.999930
0.000010 0.000010 0.000010 0.000010 0.855047 0.000010 0.000010 0.144893
0.000010 0.000020 0.000010 0.000010 0.833926 0.000010 0.000010 0.166004
0.000010 0.000010 0.000010 0.000010 0.999930 0.000010 0.000010 0.000010
0.000010 0.000010 0.000017 0.000010 0.999920 0.000010 0.000014 0.000010
0.000010 0.000010 0.000010 0.000010 0.822921 0.000010 0.000010 0.177019
0.000010 0.000015 0.000010 0.000010 0.999925 0.000010 0.000010 0.000010
0.000010 0.000010 0.000010 0.000010 0.999930 0.000010 0.000010 0.000010
0.000010 0.000010 0.000018 0.000010 0.833633 0.000010 0.000010 0.166299
0.000010 0.000010 0.000010 0.000010 0.000010 0.000010 0.000010 0.999930
0.000010 0.000010 0.000010 0.000010 0.999930 0.000010 0.000010 0.000010
