0.000075 0.181693 0.000053 0.000454 0.000010 0.000010 0.000010 0.817695
0.000017 0.000010 0.000010 0.000010 0.000010 0.999366 0.000010 0.000567
0.000010 0.000010 0.000010 0.000010 0.000010 0.999546 0.000010 0.000394
0.000010 0.000010 0.000010 0.000010 0.000010 0.999596 0.000010 0.000344
0.000010 0.000010 0.000010 0.000010 0.000010 0.999930 0.000010 0.000010
0.000010 0.000010 0.000010 0.000010 0.000010 0.999126 0.000010 0.000814
0.000010 0.000010 0.000010 0.000010 0.000010 0.999930 0.000010 0.000010
0.000010 0.000015 0.000095 0.000010 0.000012 0.999799 0.000010 0.000049
0.000010 0.000010 0.000010 0.000010 0.000010 0.999759 0.000010 0.000181
0.000089 0.028690 0.000032 0.000010 0.000010 0.000010 0.000010 0.971149
0.000152 0.042453 0.000047 0.000010 0.000335 0.000010 0.000010 0.956982
0.000327 0.001925 0.000010 0.000010 0.000010 0.000010 0.000010 0.997698
0.000010 0.104839 0.000010 0.000010 0.000010 0.000010 0.000010 0.895101
0.000384 0.095255 0.080096 0.000010 0.000010 0.000010 0.000010 0.824225
0.001707 0.007171 0.000067 0.000010 0.004668 0.000019 0.000010 0.986347
0.001329 0.005592 0.000010 0.000010 0.000010 0.000010 0.000010 0.993029
0.173192 0.003785 0.000010 0.000010 0.000010 0.000010 0.000010 0.822972
0.000434 0.007503 0.044914 0.000141 0.000010 0.000010 0.000010 0.946978
0.999930 0.000010 0.000010 0.000010 0.000010 0.000010 0.000010 0.000010
0.000010 0.000010 0.000010 0.000010 0.000010 0.999930 0.000010 0.000010
0.046790 0.000010 0.000010 0.000010 0.000010 0.259791 0.000010 0.693368
0.044065 0.000010 0.000010 0.000010 0.000010 0.240699 0.000010 0.715187
0.000010 0.000010 0.000010 0.000010 0.000010 0.000010 0.000010 0.999930
0.000010 0.000010 0.000010 0.000010 0.000010 0.999930 0.000010 0.000010
0.013847 0.000010 0.000010 0.000010 0.000010 0.454983 0.000010 0.531120
0.000010 0.000010 0.000010 0.000010 0.000010 0.000010 0.000010 0.999930
0.000010 0.000010 0.999930 0.000010 0.000010 0.000010 0.000010 0.000010
0.022676 0.001340 0.000010 0.000011 0.000010 0.000010 0.000010 0.975932
0.129497 0.000010 0.000010 0.000010 0.000010 0.213497 0.000010 0.656956
0.999930 0.000010 0.000010 0.000010 0.000010 0.000010 0.000010 0.000010
0.000010 0.000010 0.000010 0.000010 0.000010 0.000010 0.000010 0.999930
0.000010 0.000010 0.000010 0.000010 0.000010 0.000010 0.000010 0.999930
0.000010 0.998421 0.000010 0.001519 0.000010 0.000010 0.000010 0.000010
0.000010 0.999738 0.000010 0.000202 0.000010 0.000010 0.000010 0.000010
0.000010 0.000010 0.000010 0.999930 0.000010 0.000010 0.000010 0.000010
0.000010 0.000010 0.000010 0.999929 0.000011 0.000010 0.000010 0.000010
0.000010 0.000010 0.000010 0.000012 0.999927 0.000011 0.000010 0.000010
0.000010 0.000010 0.000010 0.000345 0.999595 0.000010 0.000010 0.000010
0.000016 0.000010 0.000010 0.004699 0.995236 0.000010 0.000010 0.000010
0.000010 0.999930 0.000010 0.000010 0.000010 0.000010 0.000010 0.000010
0.000010 0.999546 0.000010 0.000010 0.000010 0.000010 0.000010 0.000394
0.000010 0.000010 0.000010 0.000010 0.000010 0.000010 0.999930 0.000010
0.000010 0.000010 0.000010 0.187797 0.812143 0.000010 0.000010 0.000010
0.000010 0.000010 0.000012 0.000010 0.999928 0.000010 0.000010 0.000010
0.000010 0.999930 0.000010 0.000010 0.000010 0.000010 0.000010 0.000010
0.009339 0.026659 0.116772 0.000010 0.000010 0.000010 0.000010 0.847191
0.000018 0.000010 0.000010 0.000010 0.000010 0.998794 0.000010 0.001138
0.000493 0.080447 0.000010 0.000010 0.000010 0.000010 0.000010 0.919010
0.000010 0.999851 0.000010 0.000089 0.000010 0.000010 0.000010 0.000010
0.000010 0.997080 0.000010 0.002860 0.000010 0.000010 0.000010 0.000010
0.000010 0.999930 0.000010 0.000010 0.000010 0.000010 0.000010 0.000010
0.000010 0.000010 0.000010 0.001187 0.998753 0.000010 0.000010 0.000010
0.000010 0.999839 0.000010 0.000101 0.000010 0.000010 0.000010 0.000010
0.000010 0.999930 0.000010 0.000010 0.000010 0.000010 0.000010 0.000010
0.000010 0.999930 0.000010 0.000010 0.000010 0.000010 0.000010 0.000010
0.000010 0.998759 0.000010 0.001181 0.000010 0.000010 0.000010 0.000010
0.169728 0.053824 0.000010 0.000010 0.000010 0.000010 0.000010 0.776398
0.000010 0.000010 0.000010 0.999929 0.000011 0.000010 0.000010 0.000010
