0.204672 0.340516 0.292210 0.311956 0.214978 0.263684 0.293012 0.313300 0.232392
0.340516 0.217775 0.314828 0.334469 0.339540 0.337239 0.318869 0.332563 0.355283
0.292210 0.314828 0.259349 0.297485 0.291318 0.287696 0.274012 0.298457 0.306972
0.311956 0.334469 0.297485 0.261155 0.310760 0.311836 0.292309 0.276521 0.326722
0.214978 0.339540 0.291318 0.310760 0.204335 0.263049 0.292106 0.312053 0.227887
0.263684 0.337239 0.287696 0.311836 0.263049 0.254453 0.289194 0.313341 0.278384
0.293012 0.318869 0.274012 0.292309 0.292106 0.289194 0.257587 0.294445 0.307813
0.313300 0.332563 0.298457 0.276521 0.312053 0.313341 0.294445 0.235315 0.328046
0.232392 0.355283 0.306972 0.326722 0.227887 0.278384 0.307813 0.328046 0.236418
