0.000010 0.000010 0.000010 0.000010 0.000010 0.000010 0.000010 0.000010 0.999920
0.000010 0.000010 0.000010 0.000010 0.000010 0.999920 0.000010 0.000010 0.000010
0.629346 0.000010 0.000010 0.000010 0.000010 0.000010 0.000010 0.000010 0.370584
0.000010 0.000011 0.000010 0.000010 0.999919 0.000010 0.000010 0.000010 0.000010
0.000010 0.000010 0.000010 0.000013 0.999916 0.000010 0.000010 0.000010 0.000010
0.000010 0.000013 0.000010 0.000014 0.999913 0.000010 0.000010 0.000010 0.000010
0.000010 0.989799 0.000010 0.000010 0.010131 0.000010 0.000010 0.000010 0.000010
0.000010 0.999920 0.000010 0.000010 0.000010 0.000010 0.000010 0.000010 0.000010
0.000010 0.993948 0.000010 0.000010 0.005982 0.000010 0.000010 0.000010 0.000010
0.000010 0.999920 0.000010 0.000010 0.000010 0.000010 0.000010 0.000010 0.000010
0.000010 0.999920 0.000010 0.000010 0.000010 0.000010 0.000010 0.000010 0.000010
0.000010 0.000016 0.999911 0.000010 0.000010 0.000012 0.000010 0.000010 0.000010
0.000010 0.000010 0.999920 0.000010 0.000010 0.000010 0.000010 0.000010 0.000010
0.000010 0.000010 0.999920 0.000010 0.000010 0.000010 0.000010 0.000010 0.000010
0.000010 0.000019 0.999907 0.000015 0.000010 0.000010 0.000010 0.000010 0.000010
0.000010 0.000010 0.000010 0.000010 0.000010 0.000010 0.000010 0.999920 0.000010
0.556488 0.000010 0.000010 0.000010 0.000010 0.000010 0.072610 0.047687 0.323166
0.000010 0.000010 0.000010 0.000010 0.000010 0.000010 0.000010 0.000010 0.999920
0.000010 0.000010 0.000010 0.000010 0.000010 0.000010 0.999920 0.000010 0.000010
0.000010 0.000010 0.000010 0.000010 0.000010 0.000010 0.999920 0.000010 0.000010
0.000010 0.000010 0.000010 0.000010 0.000010 0.000010 0.000010 0.000010 0.999920
0.355764 0.000010 0.000010 0.000010 0.000010 0.000010 0.437694 0.206482 0.000010
0.350441 0.000010 0.000010 0.086500 0.000010 0.000010 0.325105 0.096943 0.140970
0.999919 0.000010 0.000010 0.000010 0.000010 0.000010 0.000010 0.000011 0.000010
0.000010 0.000010 0.000010 0.000010 0.000010 0.000010 0.999920 0.000010 0.000010
0.999920 0.000010 0.000010 0.000010 0.000010 0.000010 0.000010 0.000010 0.000010
0.000010 0.000015 0.000013 0.000010 0.000013 0.000010 0.000010 0.999908 0.000010
0.000010 0.000010 0.000010 0.000010 0.000010 0.000010 0.000010 0.000010 0.999920
0.372673 0.000010 0.000010 0.000010 0.000010 0.135548 0.034653 0.036989 0.420097
0.612703 0.000010 0.000010 0.000011 0.000010 0.387227 0.000010 0.000010 0.000010
0.000010 0.000010 0.000010 0.000010 0.000010 0.449252 0.000010 0.000010 0.550678
0.000010 0.000010 0.000010 0.000011 0.000010 0.999919 0.000010 0.000010 0.000010
0.000010 0.000010 0.000010 0.000010 0.000011 0.000011 0.000012 0.999916 0.000010
0.999920 0.000010 0.000010 0.000010 0.000010 0.000010 0.000010 0.000010 0.000010
0.000010 0.000010 0.000010 0.999920 0.000010 0.000010 0.000010 0.000010 0.000010
0.000010 0.000010 0.000010 0.999920 0.000010 0.000010 0.000010 0.000010 0.000010
0.000010 0.999920 0.000010 0.000010 0.000010 0.000010 0.000010 0.000010 0.000010
0.000010 0.859741 0.000010 0.140189 0.000010 0.000010 0.000010 0.000010 0.000010
0.000010 0.000010 0.000010 0.999920 0.000010 0.000010 0.000010 0.000010 0.000010
0.000010 0.000010 0.000010 0.999919 0.000010 0.000010 0.000010 0.000011 0.000010
0.000010 0.860282 0.000010 0.139648 0.000010 0.000010 0.000010 0.000010 0.000010
0.000010 0.445097 0.554832 0.000011 0.000010 0.000010 0.000010 0.000010 0.000010
0.000010 0.466386 0.533544 0.000010 0.000010 0.000010 0.000010 0.000010 0.000010
0.000010 0.493773 0.506157 0.000010 0.000010 0.000010 0.000010 0.000010 0.000010
0.344648 0.000010 0.000010 0.224223 0.000010 0.000010 0.431069 0.000010 0.000010
