0.307660 0.337863 0.312559 0.318923 0.321187 0.320271 0.323823 0.329806 0.339618 0.343602 0.338835 0.310806 0.318270
0.337863 0.301866 0.337253 0.338494 0.322851 0.331835 0.320233 0.357037 0.366663 0.370600 0.308861 0.339428 0.333744
0.312559 0.337253 0.308507 0.316812 0.320543 0.319525 0.323300 0.333138 0.342919 0.346896 0.338198 0.314493 0.318221
0.318923 0.338494 0.316812 0.308504 0.321492 0.320216 0.324650 0.339141 0.348893 0.352863 0.339445 0.320718 0.321210
0.321187 0.322851 0.320543 0.321492 0.299348 0.313613 0.308698 0.340584 0.350247 0.354195 0.324143 0.322763 0.316970
0.320271 0.331835 0.319525 0.320216 0.313613 0.308497 0.317425 0.339936 0.349637 0.353595 0.332980 0.321881 0.316789
0.323823 0.320233 0.323300 0.324650 0.308698 0.317425 0.298248 0.342992 0.352623 0.356562 0.321954 0.325370 0.319013
0.329806 0.357037 0.333138 0.339141 0.340584 0.339936 0.342992 0.258021 0.269820 0.274295 0.358049 0.327794 0.337758
0.339618 0.366663 0.342919 0.348893 0.350247 0.349637 0.352623 0.269820 0.257867 0.267233 0.367681 0.337650 0.347462
0.343602 0.370600 0.346896 0.352863 0.354195 0.353595 0.356562 0.274295 0.267233 0.257808 0.371619 0.341645 0.351420
0.338835 0.308861 0.338198 0.339445 0.324143 0.332980 0.321954 0.358049 0.367681 0.371619 0.280554 0.340408 0.334906
0.310806 0.339428 0.314493 0.320718 0.322763 0.321881 0.325370 0.327794 0.337650 0.341645 0.340408 0.307407 0.319754
0.318270 0.333744 0.318221 0.321210 0.316970 0.316789 0.319013 0.337758 0.347462 0.351420 0.334906 0.319754 0.307155
