0.999960 0.000010 0.000010 0.000010 0.000010
0.999960 0.000010 0.000010 0.000010 0.000010
0.000010 0.000010 0.347713 0.000010 0.652257
0.000010 0.000010 0.999960 0.000010 0.000010
0.000010 0.000014 0.000013 0.999953 0.000010
0.000010 0.000014 0.999954 0.000011 0.000010
0.000017 0.331237 0.668726 0.000010 0.000010
0.000010 0.999956 0.000011 0.000013 0.000010
0.000010 0.999960 0.000010 0.000010 0.000010
0.000010 0.376093 0.623877 0.000010 0.000010
0.000013 0.999957 0.000010 0.000011 0.000010
0.000010 0.000010 0.999960 0.000010 0.000010
0.000010 0.000010 0.000010 0.999960 0.000010
0.000010 0.000010 0.999952 0.000018 0.000010
0.000010 0.000010 0.000010 0.999960 0.000010
0.000010 0.000010 0.000010 0.000010 0.999960
0.000010 0.000010 0.000011 0.000010 0.999959
0.000010 0.000010 0.000010 0.000010 0.999960
0.000010 0.000010 0.000010 0.000010 0.999960
0.999960 0.000010 0.000010 0.000010 0.000010
0.000010 0.000010 0.000010 0.000010 0.999960
0.000010 0.000010 0.000011 0.000010 0.999959
0.000010 0.000010 0.000010 0.000010 0.999960
0.000010 0.000010 0.000012 0.000010 0.999958
0.000010 0.000010 0.000011 0.000010 0.999959
0.000012 0.000010 0.000010 0.374943 0.625025
0.000010 0.000010 0.000010 0.000010 0.999960
0.000010 0.000010 0.000010 0.340298 0.659672
0.999960 0.000010 0.000010 0.000010 0.000010
0.999960 0.000010 0.000010 0.000010 0.000010
0.000010 0.000013 0.000010 0.000010 0.999957
0.999960 0.000010 0.000010 0.000010 0.000010
0.000010 0.000010 0.000010 0.000010 0.999960
0.000010 0.000010 0.000010 0.420989 0.578981
0.000018 0.000013 0.000010 0.655689 0.344270
0.000010 0.932387 0.000010 0.000010 0.067583
0.000010 0.999960 0.000010 0.000010 0.000010
0.000010 0.999958 0.000010 0.000011 0.000010
0.000016 0.863556 0.000010 0.000010 0.136408
0.000010 0.864998 0.000011 0.000010 0.134970
0.000010 0.999960 0.000010 0.000010 0.000010
0.000010 0.000010 0.999958 0.000012 0.000010
0.000010 0.000010 0.999960 0.000010 0.000010
0.000010 0.000010 0.000010 0.999960 0.000010
0.000010 0.000010 0.000010 0.000010 0.999960
