0.000010 0.000010 0.000010 0.000010 0.999950 0.000010
0.000010 0.000010 0.000010 0.999950 0.000010 0.000010
0.000010 0.000010 0.000010 0.000010 0.999950 0.000010
0.000010 0.999950 0.000010 0.000010 0.000010 0.000010
0.000015 0.999945 0.000010 0.000010 0.000010 0.000010
0.000010 0.999950 0.000010 0.000010 0.000010 0.000010
0.999950 0.000010 0.000010 0.000010 0.000010 0.000010
0.999950 0.000010 0.000010 0.000010 0.000010 0.000010
0.999950 0.000010 0.000010 0.000010 0.000010 0.000010
0.999950 0.000010 0.000010 0.000010 0.000010 0.000010
0.000011 0.999949 0.000010 0.000010 0.000010 0.000010
0.000010 0.999950 0.000010 0.000010 0.000010 0.000010
0.000010 0.999950 0.000010 0.000010 0.000010 0.000010
0.000015 0.999942 0.000013 0.000010 0.000010 0.000010
0.577250 0.422710 0.000010 0.000010 0.000010 0.000010
0.000011 0.000010 0.000010 0.999949 0.000010 0.000010
0.000010 0.000010 0.000010 0.000010 0.000010 0.999950
0.000010 0.000010 0.000010 0.000010 0.999950 0.000010
0.000010 0.000010 0.000010 0.000010 0.000010 0.999950
0.000010 0.000010 0.999950 0.000010 0.000010 0.000010
0.000016 0.000015 0.000010 0.999937 0.000012 0.000010
0.000010 0.000010 0.999950 0.000010 0.000010 0.000010
0.000010 0.000010 0.000010 0.999950 0.000010 0.000010
0.000010 0.000010 0.000010 0.000010 0.999950 0.000010
0.000010 0.000010 0.000010 0.000010 0.999950 0.000010
0.000010 0.000010 0.000010 0.999950 0.000010 0.000010
0.000010 0.000010 0.000010 0.999950 0.000010 0.000010
0.000010 0.000010 0.000010 0.000010 0.999950 0.000010
0.000010 0.000010 0.000010 0.000010 0.000010 0.999950
0.000010 0.000010 0.000010 0.999950 0.000010 0.000010
0.000010 0.000011 0.000013 0.000010 0.000010 0.999947
0.000010 0.000010 0.000010 0.000010 0.999950 0.000010
0.000010 0.000010 0.999949 0.000010 0.000011 0.000010
0.000012 0.000010 0.999946 0.000012 0.000010 0.000010
0.000010 0.013031 0.000010 0.000010 0.986929 0.000010
0.184673 0.000010 0.000010 0.815287 0.000010 0.000010
0.000010 0.996554 0.000010 0.000010 0.000010 0.003406
0.999950 0.000010 0.000010 0.000010 0.000010 0.000010
0.000010 0.616492 0.000010 0.000020 0.383459 0.000010
0.666360 0.000010 0.000010 0.000010 0.333600 0.000010
0.999950 0.000010 0.000010 0.000010 0.000010 0.000010
0.000012 0.999946 0.000013 0.000010 0.000010 0.000010
0.999950 0.000010 0.000010 0.000010 0.000010 0.000010
0.999950 0.000010 0.000010 0.000010 0.000010 0.000010
0.000010 0.000010 0.999950 0.000010 0.000010 0.000010
