0.999966 0.000010 0.000014 0.000010
0.000011 0.000010 0.999969 0.000010
0.000010 0.000010 0.999970 0.000010
0.000010 0.000010 0.000010 0.999970
0.000010 0.000010 0.000010 0.999970
0.000010 0.000010 0.000010 0.999970
0.000010 0.000010 0.000010 0.999970
0.469660 0.000010 0.000010 0.530320
0.372728 0.000010 0.000010 0.627252
0.000010 0.000010 0.000010 0.999970
0.402893 0.000010 0.000010 0.597087
0.000010 0.000010 0.000010 0.999970
0.000010 0.000018 0.000010 0.999962
0.000010 0.000018 0.000010 0.999962
0.000010 0.000010 0.000010 0.999970
0.499424 0.500556 0.000010 0.000010
0.000010 0.000010 0.999970 0.000010
0.000010 0.999970 0.000010 0.000010
0.000010 0.999970 0.000010 0.000010
0.000010 0.000010 0.999970 0.000010
0.000010 0.000010 0.999970 0.000010
0.000011 0.999966 0.000013 0.000010
0.000010 0.000010 0.999970 0.000010
0.000010 0.000011 0.999969 0.000010
0.000010 0.999970 0.000010 0.000010
0.999970 0.000010 0.000010 0.000010
0.000010 0.999970 0.000010 0.000010
0.999970 0.000010 0.000010 0.000010
0.000010 0.000010 0.999970 0.000010
0.999970 0.000010 0.000010 0.000010
0.000010 0.000010 0.999970 0.000010
0.999970 0.000010 0.000010 0.000010
0.000011 0.999965 0.000014 0.000010
0.000010 0.999970 0.000010 0.000010
0.999970 0.000010 0.000010 0.000010
0.000010 0.000010 0.823538 0.176442
0.000010 0.000010 0.000010 0.999970
0.000010 0.000010 0.000010 0.999970
0.000010 0.863564 0.000010 0.136416
0.000010 0.000010 0.851139 0.148841
0.000010 0.000010 0.000010 0.999970
0.000010 0.000010 0.000010 0.999970
0.000010 0.000010 0.000010 0.999970
0.000010 0.000010 0.000010 0.999970
0.000010 0.999970 0.000010 0.000010
