0	0.00674128	0.00675148	0.0222575	0.0266721	0.026595	0.0266869	0.0268272	0.0267193	0.0268352	0.0266807	0.026574	0.0267734	0.026615	0.0266453	0.0267334	0.0266035	0.0276919	0.025617	0.0266593	0.0267755	0.0257068	0.0257516	0.026004	0.0258809	0.0266159	0.0256188	0.0265542	0.0255819	0.0266137	0.0260005	0.025413	0.0266336
0.00674128	0	0.00665671	0.0221805	0.0266756	0.0265965	0.0266551	0.0268578	0.0267049	0.0268221	0.0266801	0.0265767	0.0267824	0.0265733	0.0266592	0.0267566	0.0266036	0.0277037	0.0255835	0.0266696	0.0267952	0.0256456	0.0257364	0.0260153	0.0258741	0.0265881	0.0255939	0.0265219	0.025524	0.026581	0.0259463	0.0253855	0.0266588
0.00675148	0.00665671	0	0.0221082	0.026586	0.026552	0.0266288	0.0267843	0.0266792	0.0267958	0.0266467	0.0265437	0.0267324	0.0265583	0.0265925	0.0267008	0.0265205	0.0276295	0.0255239	0.0266236	0.0266982	0.0256195	0.0257118	0.02595	0.0258219	0.026546	0.0255265	0.0264432	0.0254541	0.0265263	0.0259158	0.025334	0.026584
0.0222575	0.0221805	0.0221082	0	0.0258853	0.0257179	0.0257683	0.026023	0.0258938	0.0261059	0.0259718	0.0257086	0.0261313	0.025708	0.0257931	0.0259482	0.025802	0.0269429	0.0236583	0.0251555	0.0251888	0.0237123	0.023697	0.0240662	0.0239764	0.0246733	0.0237459	0.0246227	0.0236008	0.0245927	0.024178	0.023457	0.0257803
0.0266721	0.0266756	0.026586	0.0258853	0	0.0118615	0.0120896	0.0121622	0.0102166	0.0103644	0.0101762	0.0117142	0.0122126	0.0118291	0.0120257	0.0118221	0.0121552	0.0283534	0.0259598	0.0272768	0.0273863	0.0260091	0.0261616	0.0263791	0.0263195	0.0270064	0.0260721	0.027013	0.0259993	0.027044	0.0270011	0.0258728	0.0138586
0.026595	0.0265965	0.026552	0.0257179	0.0118615	0	0.0105407	0.0113082	0.0117086	0.0120239	0.0118464	0.0106498	0.0114795	0.0106456	0.0109879	0.0108765	0.0108435	0.0282364	0.0257545	0.0271759	0.0271837	0.0257732	0.0259641	0.026218	0.0260205	0.0268316	0.0258724	0.0268058	0.0257975	0.0268601	0.0268632	0.025674	0.0132431
0.0266869	0.0266551	0.0266288	0.0257683	0.0120896	0.0105407	0	0.0115766	0.011834	0.0120617	0.0119585	0.0110394	0.0117962	0.010638	0.0109366	0.0110452	0.0112626	0.028296	0.0258187	0.0271974	0.0272011	0.0258466	0.0259748	0.0262693	0.0260612	0.0268829	0.0259008	0.0268421	0.0258521	0.0268765	0.0268251	0.0257843	0.0132588
0.0268272	0.0268578	0.0267843	0.026023	0.0121622	0.0113082	0.0115766	0	0.011987	0.0123932	0.0122047	0.0112318	0.0118616	0.0113652	0.011289	0.0110524	0.0112804	0.028476	0.0260578	0.0274362	0.0274947	0.0261248	0.0262879	0.0265254	0.0263583	0.0271352	0.0262101	0.0270791	0.0260889	0.0271398	0.0271352	0.0259763	0.0135384
0.0267193	0.0267049	0.0266792	0.0258938	0.0102166	0.0117086	0.011834	0.011987	0	0.0103485	0.00996834	0.0116167	0.0121361	0.0117899	0.0120511	0.0118112	0.0121151	0.0282735	0.0259066	0.0273328	0.0273875	0.0260212	0.0261864	0.026414	0.0263121	0.0270431	0.0260789	0.0270531	0.0259932	0.0270568	0.0270118	0.0258904	0.0138807
0.0268352	0.0268221	0.0267958	0.0261059	0.0103644	0.0120239	0.0120617	0.0123932	0.0103485	0	0.00911657	0.0117144	0.0122725	0.0120167	0.0123913	0.0121388	0.0123654	0.028461	0.0261794	0.027502	0.0275858	0.0262494	0.0263731	0.0266321	0.0264926	0.0272026	0.0262941	0.0271758	0.0262014	0.0272369	0.0272107	0.0260693	0.0139945
0.0266807	0.0266801	0.0266467	0.0259718	0.0101762	0.0118464	0.0119585	0.0122047	0.00996834	0.00911657	0	0.0117523	0.0120656	0.0117814	0.0120682	0.0117398	0.0122059	0.0283402	0.0260318	0.0273503	0.0274364	0.0261128	0.0262451	0.0265165	0.0263251	0.0270707	0.0261221	0.0270457	0.0261004	0.0271199	0.0271079	0.0259453	0.0140579
0.026574	0.0265767	0.0265437	0.0257086	0.0117142	0.0106498	0.0110394	0.0112318	0.0116167	0.0117144	0.0117523	0	0.0116084	0.0110055	0.011164	0.0112456	0.0107929	0.0282236	0.025751	0.0271084	0.027185	0.0257793	0.0259145	0.0262161	0.0260334	0.0268403	0.0258294	0.026777	0.0258042	0.0268306	0.0268081	0.0256913	0.0131487
0.0267734	0.0267824	0.0267324	0.0261313	0.0122126	0.0114795	0.0117962	0.0118616	0.0121361	0.0122725	0.0120656	0.0116084	0	0.0116713	0.0113105	0.0115085	0.0113823	0.0283965	0.0261754	0.0275047	0.0275017	0.0261601	0.0263196	0.0265945	0.0264249	0.0272212	0.0262565	0.0271917	0.026187	0.027274	0.0272212	0.0260182	0.0136794
0.026615	0.0265733	0.0265583	0.025708	0.0118291	0.0106456	0.010638	0.0113652	0.0117899	0.0120167	0.0117814	0.0110055	0.0116713	0	0.0113432	0.011028	0.0112388	0.0282313	0.0258396	0.0272164	0.0272265	0.0258181	0.0259925	0.0262602	0.0260741	0.0268722	0.0258965	0.0268272	0.025878	0.026879	0.0268254	0.0257128	0.0133297
0.0266453	0.0266592	0.0265925	0.0257931	0.0120257	0.0109879	0.0109366	0.011289	0.0120511	0.0123913	0.0120682	0.011164	0.0113105	0.0113432	0	0.010774	0.0106459	0.0283212	0.0258925	0.0272182	0.0272591	0.0259038	0.026065	0.0263344	0.0261611	0.0269466	0.0260132	0.0268834	0.025926	0.0269677	0.0269161	0.0257827	0.0131419
0.0267334	0.0267566	0.0267008	0.0259482	0.0118221	0.0108765	0.0110452	0.0110524	0.0118112	0.0121388	0.0117398	0.0112456	0.0115085	0.011028	0.010774	0	0.0114116	0.0284834	0.0260425	0.0273634	0.0274496	0.0260313	0.0261844	0.0264788	0.026286	0.0270732	0.0261573	0.0270291	0.0260352	0.027083	0.0270225	0.0258926	0.0135201
0.0266035	0.0266036	0.0265205	0.025802	0.0121552	0.0108435	0.0112626	0.0112804	0.0121151	0.0123654	0.0122059	0.0107929	0.0113823	0.0112388	0.0106459	0.0114116	0	0.0282951	0.0259288	0.0272945	0.0273224	0.0259574	0.026079	0.0263503	0.0261791	0.0269648	0.0260317	0.0269175	0.0259588	0.0269594	0.0269733	0.0257914	0.0134305
0.0276919	0.0277037	0.0276295	0.0269429	0.0283534	0.0282364	0.028296	0.028476	0.0282735	0.028461	0.0283402	0.0282236	0.0283965	0.0282313	0.0283212	0.0284834	0.0282951	0	0.0259367	0.0251356	0.0251528	0.0259357	0.0260124	0.026293	0.0262201	0.0248989	0.0259316	0.0250205	0.0258288	0.0254166	0.0253055	0.0260677	0.028194
0.025617	0.0255835	0.0255239	0.0236583	0.0259598	0.0257545	0.0258187	0.0260578	0.0259066	0.0261794	0.0260318	0.025751	0.0261754	0.0258396	0.0258925	0.0260425	0.0259288	0.0259367	0	0.0226991	0.0208315	0.0185648	0.0194218	0.0193804	0.0193439	0.0198553	0.0193089	0.0202434	0.0190379	0.023086	0.0232652	0.0218769	0.0257493
0.0266593	0.0266696	0.0266236	0.0251555	0.0272768	0.0271759	0.0271974	0.0274362	0.0273328	0.027502	0.0273503	0.0271084	0.0275047	0.0272164	0.0272182	0.0273634	0.0272945	0.0251356	0.0226991	0	0.0221338	0.0226973	0.0227374	0.0230326	0.0230547	0.0216646	0.022587	0.0216554	0.0225421	0.0227582	0.0229414	0.0235387	0.0271018
0.0267755	0.0267952	0.0266982	0.0251888	0.0273863	0.0271837	0.0272011	0.0274947	0.0273875	0.0275858	0.0274364	0.027185	0.0275017	0.0272265	0.0272591	0.0274496	0.0273224	0.0251528	0.0208315	0.0221338	0	0.0206422	0.0210486	0.0211048	0.0208256	0.0196866	0.0206538	0.0195295	0.0208023	0.0227865	0.0228536	0.0235927	0.0271489
0.0257068	0.0256456	0.0256195	0.0237123	0.0260091	0.0257732	0.0258466	0.0261248	0.0260212	0.0262494	0.0261128	0.0257793	0.0261601	0.0258181	0.0259038	0.0260313	0.0259574	0.0259357	0.0185648	0.0226973	0.0206422	0	0.0194994	0.0189946	0.0194647	0.0198755	0.0188849	0.0200771	0.0189152	0.0231809	0.0232297	0.0219637	0.0257746
0.0257516	0.0257364	0.0257118	0.023697	0.0261616	0.0259641	0.0259748	0.0262879	0.0261864	0.0263731	0.0262451	0.0259145	0.0263196	0.0259925	0.026065	0.0261844	0.026079	0.0260124	0.0194218	0.0227374	0.0210486	0.0194994	0	0.0198251	0.0188856	0.020266	0.0192867	0.0203292	0.019407	0.0232762	0.0232683	0.0220307	0.025904
0.026004	0.0260153	0.02595	0.0240662	0.0263791	0.026218	0.0262693	0.0265254	0.026414	0.0266321	0.0265165	0.0262161	0.0265945	0.0262602	0.0263344	0.0264788	0.0263503	0.026293	0.0193804	0.0230326	0.0211048	0.0189946	0.0198251	0	0.0196636	0.0202915	0.0195831	0.0203989	0.0153384	0.0235248	0.0236098	0.0222493	0.0261994
0.0258809	0.0258741	0.0258219	0.0239764	0.0263195	0.0260205	0.0260612	0.0263583	0.0263121	0.0264926	0.0263251	0.0260334	0.0264249	0.0260741	0.0261611	0.026286	0.0261791	0.0262201	0.0193439	0.0230547	0.0208256	0.0194647	0.0188856	0.0196636	0	0.0203891	0.0193761	0.0201624	0.0196097	0.0234416	0.0234903	0.022384	0.0260255
0.0266159	0.0265881	0.026546	0.0246733	0.0270064	0.0268316	0.0268829	0.0271352	0.0270431	0.0272026	0.0270707	0.0268403	0.0272212	0.0268722	0.0269466	0.0270732	0.0269648	0.0248989	0.0198553	0.0216646	0.0196866	0.0198755	0.020266	0.0202915	0.0203891	0	0.0198547	0.0147394	0.019827	0.0221552	0.0222352	0.0230135	0.0268381
0.0256188	0.0255939	0.0255265	0.0237459	0.0260721	0.0258724	0.0259008	0.0262101	0.0260789	0.0262941	0.0261221	0.0258294	0.0262565	0.0258965	0.0260132	0.0261573	0.0260317	0.0259316	0.0193089	0.022587	0.0206538	0.0188849	0.0192867	0.0195831	0.0193761	0.0198547	0	0.0198415	0.0189329	0.0233257	0.0234046	0.0221392	0.0258798
0.0265542	0.0265219	0.0264432	0.0246227	0.027013	0.0268058	0.0268421	0.0270791	0.0270531	0.0271758	0.0270457	0.026777	0.0271917	0.0268272	0.0268834	0.0270291	0.0269175	0.0250205	0.0202434	0.0216554	0.0195295	0.0200771	0.0203292	0.0203989	0.0201624	0.0147394	0.0198415	0	0.0202591	0.0221059	0.0221619	0.0230118	0.0267833
0.0255819	0.025524	0.0254541	0.0236008	0.0259993	0.0257975	0.0258521	0.0260889	0.0259932	0.0262014	0.0261004	0.0258042	0.026187	0.025878	0.025926	0.0260352	0.0259588	0.0258288	0.0190379	0.0225421	0.0208023	0.0189152	0.019407	0.0153384	0.0196097	0.019827	0.0189329	0.0202591	0	0.0231266	0.0230929	0.0218019	0.0257763
0.0266137	0.026581	0.0265263	0.0245927	0.027044	0.0268601	0.0268765	0.0271398	0.0270568	0.0272369	0.0271199	0.0268306	0.027274	0.026879	0.0269677	0.027083	0.0269594	0.0254166	0.023086	0.0227582	0.0227865	0.0231809	0.0232762	0.0235248	0.0234416	0.0221552	0.0233257	0.0221059	0.0231266	0	0.0220179	0.0220004	0.0267976
0.0260005	0.0259463	0.0259158	0.024178	0.0270011	0.0268632	0.0268251	0.0271352	0.0270118	0.0272107	0.0271079	0.0268081	0.0272212	0.0268254	0.0269161	0.0270225	0.0269733	0.0253055	0.0232652	0.0229414	0.0228536	0.0232297	0.0232683	0.0236098	0.0234903	0.0222352	0.0234046	0.0221619	0.0230929	0.0220179	0	0.0229398	0.0267983
0.025413	0.0253855	0.025334	0.023457	0.0258728	0.025674	0.0257843	0.0259763	0.0258904	0.0260693	0.0259453	0.0256913	0.0260182	0.0257128	0.0257827	0.0258926	0.0257914	0.0260677	0.0218769	0.0235387	0.0235927	0.0219637	0.0220307	0.0222493	0.022384	0.0230135	0.0221392	0.0230118	0.0218019	0.0220004	0.0229398	0	0.0256696
0.0266336	0.0266588	0.026584	0.0257803	0.0138586	0.0132431	0.0132588	0.0135384	0.0138807	0.0139945	0.0140579	0.0131487	0.0136794	0.0133297	0.0131419	0.0135201	0.0134305	0.028194	0.0257493	0.0271018	0.0271489	0.0257746	0.025904	0.0261994	0.0260255	0.0268381	0.0258798	0.0267833	0.0257763	0.0267976	0.0267983	0.0256696	0
