0.204349 0.341228 0.291770 0.312041 0.215367 0.262927 0.292755 0.313233 0.232748
0.341228 0.217360 0.315859 0.335039 0.339701 0.337723 0.318844 0.333280 0.355227
0.291770 0.315859 0.259340 0.296965 0.290318 0.287126 0.273337 0.298006 0.305752
0.312041 0.335039 0.296965 0.261115 0.310321 0.311363 0.290753 0.275751 0.326069
0.215367 0.339701 0.290318 0.310321 0.203967 0.261697 0.291286 0.311461 0.227994
0.262927 0.337723 0.287126 0.311363 0.261697 0.254058 0.288865 0.312762 0.276800
0.292755 0.318844 0.273337 0.290753 0.291286 0.288865 0.257460 0.292826 0.306780
0.313233 0.333280 0.298006 0.275751 0.311461 0.312762 0.292826 0.235352 0.327244
0.232748 0.355227 0.305752 0.326069 0.227994 0.276800 0.306780 0.327244 0.236877
