0.259300 0.338353 0.319159 0.312045 0.313371 0.313680 0.319502 0.306991 0.273484 0.284305 0.333966 0.306118 0.274986 0.277007
0.338353 0.260616 0.278919 0.313826 0.288500 0.289680 0.279708 0.304838 0.333568 0.319954 0.343648 0.303452 0.328345 0.345766
0.319159 0.278919 0.256899 0.295318 0.269152 0.270339 0.257767 0.285384 0.314394 0.300818 0.324996 0.283997 0.309174 0.326537
0.312045 0.313826 0.295318 0.260337 0.288263 0.288607 0.295657 0.293691 0.306784 0.292655 0.296378 0.292600 0.301619 0.320118
0.313371 0.288500 0.269152 0.288263 0.259763 0.261061 0.269456 0.279111 0.308507 0.294673 0.318158 0.277684 0.303245 0.320940
0.313680 0.289680 0.270339 0.288607 0.261061 0.259669 0.270644 0.279316 0.308811 0.294962 0.318489 0.277885 0.303546 0.321259
0.319502 0.279708 0.257767 0.295657 0.269456 0.270644 0.257060 0.285718 0.314736 0.301158 0.325336 0.284330 0.309516 0.326882
0.306991 0.304838 0.285384 0.293691 0.279111 0.279316 0.285718 0.260392 0.302106 0.287798 0.320666 0.261897 0.296685 0.314742
0.273484 0.333568 0.314394 0.306784 0.308507 0.308811 0.314736 0.302106 0.261085 0.278957 0.328584 0.301235 0.269948 0.283875
0.284305 0.319954 0.300818 0.292655 0.294673 0.294962 0.301158 0.287798 0.278957 0.261479 0.314383 0.286941 0.273005 0.292931
0.333966 0.343648 0.324996 0.296378 0.318158 0.318489 0.325336 0.320666 0.328584 0.314383 0.311902 0.319639 0.323454 0.342183
0.306118 0.303452 0.283997 0.292600 0.277684 0.277885 0.284330 0.261897 0.301235 0.286941 0.319639 0.259679 0.295819 0.313864
0.274986 0.328345 0.309174 0.301619 0.303245 0.303546 0.309516 0.296685 0.269948 0.273005 0.323454 0.295819 0.261329 0.283931
0.277007 0.345766 0.326537 0.320118 0.320940 0.321259 0.326882 0.314742 0.283875 0.292931 0.342183 0.313864 0.283931 0.234443
