0.213077 0.537727 0.730808 0.724387 0.826893 0.623706 0.659984 0.619442 0.606856 0.584395 0.634716 0.752209
0.537727 0.247277 0.595379 0.589262 0.702187 0.499654 0.535792 0.495566 0.480345 0.461478 0.508831 0.617509
0.730808 0.595379 0.216544 0.236921 0.768608 0.580021 0.625372 0.577626 0.562787 0.579646 0.571905 0.289476
0.724387 0.589262 0.236921 0.216684 0.760658 0.572204 0.617648 0.569830 0.554928 0.572269 0.563823 0.271478
0.826893 0.702187 0.768608 0.760658 0.275568 0.570678 0.648727 0.567165 0.619400 0.632154 0.609111 0.786379
0.623706 0.499654 0.580021 0.572204 0.570678 0.335291 0.440735 0.349419 0.419125 0.427196 0.417266 0.597662
0.659984 0.535792 0.625372 0.617648 0.648727 0.440735 0.333654 0.435363 0.453890 0.461052 0.466537 0.642926
0.619442 0.495566 0.577626 0.569830 0.567165 0.349419 0.435363 0.335212 0.416402 0.422652 0.416424 0.595303
0.606856 0.480345 0.562787 0.554928 0.619400 0.419125 0.453890 0.416402 0.329448 0.412838 0.410041 0.579269
0.584395 0.461478 0.579646 0.572269 0.632154 0.427196 0.461052 0.422652 0.412838 0.328949 0.441060 0.597991
0.634716 0.508831 0.571905 0.563823 0.609111 0.417266 0.466537 0.416424 0.410041 0.441060 0.321894 0.588680
0.752209 0.617509 0.289476 0.271478 0.786379 0.597662 0.642926 0.595303 0.579269 0.597991 0.588680 0.223459
