0	0.0039205	0.00511469	0.0065456	0.0058843	0.00635086	0.00633549
0.0039205	0	0.00507852	0.00655791	0.00589231	0.00633967	0.00633055
0.00511469	0.00507852	0	0.00683271	0.00618028	0.00664489	0.00668157
0.0065456	0.00655791	0.00683271	0	0.0066785	0.00566532	0.00569066
0.0058843	0.00589231	0.00618028	0.0066785	0	0.00651289	0.00650228
0.00635086	0.00633967	0.00664489	0.00566532	0.00651289	0	0.005183
0.00633549	0.00633055	0.00668157	0.00569066	0.00650228	0.005183	0
