0.000010 0.000010 0.000010 0.000010 0.000010 0.999920 0.000010 0.000010 0.000010
0.000010 0.000010 0.000010 0.000010 0.999920 0.000010 0.000010 0.000010 0.000010
0.000010 0.999920 0.000010 0.000010 0.000010 0.000010 0.000010 0.000010 0.000010
0.000010 0.999919 0.000010 0.000010 0.000010 0.000010 0.000011 0.000010 0.000010
0.000010 0.999920 0.000010 0.000010 0.000010 0.000010 0.000010 0.000010 0.000010
0.000010 0.406269 0.000010 0.000010 0.000010 0.000010 0.000010 0.593661 0.000010
0.000010 0.999920 0.000010 0.000010 0.000010 0.000010 0.000010 0.000010 0.000010
0.000010 0.000010 0.000010 0.999920 0.000010 0.000010 0.000010 0.000010 0.000010
0.000010 0.000010 0.000010 0.000010 0.000012 0.000010 0.000010 0.999918 0.000010
0.000010 0.000010 0.000010 0.000010 0.000010 0.000010 0.000010 0.999920 0.000010
0.000010 0.000010 0.000010 0.000010 0.000010 0.999920 0.000010 0.000010 0.000010
0.000014 0.000010 0.000010 0.000010 0.000012 0.999914 0.000010 0.000010 0.000010
0.237789 0.000010 0.000010 0.000010 0.000010 0.762141 0.000010 0.000010 0.000010
0.000010 0.000010 0.000010 0.000010 0.000010 0.999920 0.000010 0.000010 0.000010
0.000010 0.000010 0.000010 0.000010 0.000010 0.000010 0.000010 0.999920 0.000010
0.000010 0.999919 0.000010 0.000010 0.000010 0.000011 0.000010 0.000010 0.000010
0.000010 0.000010 0.000010 0.999920 0.000010 0.000010 0.000010 0.000010 0.000010
0.000013 0.000010 0.000010 0.000010 0.000010 0.000010 0.000010 0.999917 0.000010
0.000010 0.000010 0.000010 0.000012 0.000010 0.999916 0.000010 0.000012 0.000010
0.000010 0.000010 0.000010 0.000010 0.999920 0.000010 0.000010 0.000010 0.000010
0.000012 0.000010 0.000010 0.999918 0.000010 0.000010 0.000010 0.000010 0.000010
0.000010 0.000010 0.000010 0.000010 0.000010 0.000010 0.999920 0.000010 0.000010
0.000011 0.000010 0.000010 0.000010 0.000010 0.999919 0.000010 0.000010 0.000010
0.000010 0.000012 0.000010 0.000010 0.999915 0.000010 0.000010 0.000012 0.000010
0.000012 0.000010 0.000010 0.999917 0.000012 0.000010 0.000010 0.000010 0.000010
0.000012 0.000010 0.000010 0.000010 0.000010 0.000010 0.000010 0.999918 0.000010
0.000010 0.000012 0.999918 0.000010 0.000010 0.000010 0.000010 0.000010 0.000010
0.000010 0.000010 0.999920 0.000010 0.000010 0.000010 0.000010 0.000010 0.000010
0.000010 0.000010 0.000010 0.000010 0.000010 0.000010 0.000010 0.000010 0.999920
0.000011 0.000010 0.000010 0.000010 0.000010 0.000010 0.000010 0.000010 0.999919
0.000010 0.000011 0.000010 0.000010 0.000011 0.000010 0.000010 0.000010 0.999917
0.000010 0.000010 0.565190 0.000010 0.000010 0.000010 0.000010 0.000010 0.434740
0.000011 0.000010 0.999919 0.000010 0.000010 0.000010 0.000010 0.000010 0.000010
0.999920 0.000010 0.000010 0.000010 0.000010 0.000010 0.000010 0.000010 0.000010
0.000010 0.000010 0.000011 0.000010 0.000010 0.000010 0.000010 0.000010 0.999919
0.000010 0.000010 0.000010 0.000010 0.000010 0.000010 0.000010 0.000010 0.999920
0.000010 0.000011 0.999917 0.000011 0.000011 0.000010 0.000010 0.000010 0.000010
0.000011 0.000010 0.000011 0.000010 0.999904 0.000014 0.000011 0.000019 0.000010
0.000010 0.000010 0.000010 0.999920 0.000010 0.000010 0.000010 0.000010 0.000010
0.000010 0.000010 0.000010 0.000010 0.000010 0.999920 0.000010 0.000010 0.000010
0.149764 0.000010 0.850166 0.000010 0.000010 0.000010 0.000010 0.000010 0.000010
0.000010 0.000010 0.999916 0.000014 0.000010 0.000010 0.000010 0.000010 0.000010
0.000014 0.000010 0.999916 0.000010 0.000010 0.000010 0.000010 0.000010 0.000010
0.000010 0.000010 0.999920 0.000010 0.000010 0.000010 0.000010 0.000010 0.000010
0.000010 0.000011 0.999919 0.000010 0.000010 0.000010 0.000010 0.000010 0.000010
0.000010 0.000010 0.999920 0.000010 0.000010 0.000010 0.000010 0.000010 0.000010
0.000010 0.000010 0.999920 0.000010 0.000010 0.000010 0.000010 0.000010 0.000010
0.000012 0.000010 0.000010 0.000010 0.000010 0.999918 0.000010 0.000010 0.000010
0.000010 0.000010 0.000010 0.000010 0.000010 0.000019 0.000010 0.000010 0.999911
