0.000010 0.000010 0.000010 0.999950 0.000010 0.000010
0.000010 0.000010 0.999950 0.000010 0.000010 0.000010
0.000010 0.000010 0.999950 0.000010 0.000010 0.000010
0.000010 0.000010 0.000010 0.000010 0.999950 0.000010
0.000010 0.000010 0.000010 0.000010 0.999950 0.000010
0.000010 0.000010 0.000010 0.000010 0.999950 0.000010
0.000010 0.000010 0.000010 0.000010 0.999950 0.000010
0.000010 0.000010 0.000010 0.000010 0.999950 0.000010
0.000010 0.000010 0.000010 0.999950 0.000010 0.000010
0.000010 0.418516 0.000010 0.581444 0.000010 0.000010
0.000010 0.000010 0.000011 0.999949 0.000010 0.000010
0.000010 0.000010 0.000010 0.999950 0.000010 0.000010
0.000010 0.000010 0.999946 0.000014 0.000010 0.000010
0.000010 0.000010 0.000010 0.999950 0.000010 0.000010
0.000011 0.000010 0.000010 0.000010 0.999949 0.000010
0.000010 0.000010 0.999950 0.000010 0.000010 0.000010
0.000011 0.000010 0.999947 0.000011 0.000011 0.000010
0.000010 0.000010 0.000010 0.999948 0.000012 0.000010
0.000010 0.000010 0.000010 0.999950 0.000010 0.000010
0.000010 0.000010 0.000010 0.000010 0.999950 0.000010
0.000010 0.000010 0.000011 0.999949 0.000010 0.000010
0.000010 0.000010 0.000010 0.000010 0.000010 0.999950
0.000010 0.000010 0.000010 0.999950 0.000010 0.000010
0.000010 0.000010 0.999950 0.000010 0.000010 0.000010
0.000010 0.000010 0.000012 0.999948 0.000010 0.000010
0.000010 0.000010 0.000010 0.000010 0.999950 0.000010
0.999941 0.000019 0.000010 0.000010 0.000010 0.000010
0.999948 0.000012 0.000010 0.000010 0.000010 0.000010
0.999942 0.000010 0.000016 0.000010 0.000012 0.000010
0.546092 0.453868 0.000010 0.000010 0.000010 0.000010
0.459931 0.540029 0.000010 0.000010 0.000010 0.000010
0.000010 0.999950 0.000010 0.000010 0.000010 0.000010
0.999949 0.000011 0.000010 0.000010 0.000010 0.000010
0.000010 0.000010 0.000010 0.000010 0.000010 0.999950
0.999950 0.000010 0.000010 0.000010 0.000010 0.000010
0.999950 0.000010 0.000010 0.000010 0.000010 0.000010
0.000010 0.999950 0.000010 0.000010 0.000010 0.000010
0.000010 0.000013 0.000012 0.000010 0.999945 0.000010
0.000010 0.000010 0.000010 0.000010 0.999950 0.000010
0.000010 0.000010 0.000010 0.999950 0.000010 0.000010
0.999950 0.000010 0.000010 0.000010 0.000010 0.000010
0.999950 0.000010 0.000010 0.000010 0.000010 0.000010
0.000010 0.999947 0.000013 0.000010 0.000010 0.000010
0.999950 0.000010 0.000010 0.000010 0.000010 0.000010
0.000010 0.999950 0.000010 0.000010 0.000010 0.000010
0.000010 0.999950 0.000010 0.000010 0.000010 0.000010
0.999945 0.000010 0.000015 0.000010 0.000010 0.000010
0.000010 0.000010 0.000010 0.999950 0.000010 0.000010
0.999950 0.000010 0.000010 0.000010 0.000010 0.000010
