0.000010 0.137269 0.000010 0.862691 0.000010 0.000010
0.000010 0.000010 0.000010 0.999950 0.000010 0.000010
0.000019 0.000010 0.000010 0.999941 0.000010 0.000010
0.000010 0.000010 0.000010 0.999950 0.000010 0.000010
0.000010 0.000010 0.000010 0.999950 0.000010 0.000010
0.000010 0.000010 0.000010 0.999949 0.000011 0.000010
0.190695 0.000010 0.000010 0.809265 0.000010 0.000010
0.000010 0.000010 0.000010 0.999950 0.000010 0.000010
0.000010 0.000010 0.000010 0.000010 0.999950 0.000010
0.000010 0.000010 0.000010 0.000010 0.884259 0.115701
0.150097 0.000010 0.000010 0.000010 0.849863 0.000010
0.000010 0.096263 0.000010 0.903697 0.000010 0.000010
0.000010 0.000010 0.000010 0.000010 0.999950 0.000010
0.138776 0.000010 0.000010 0.000010 0.861184 0.000010
0.000010 0.000010 0.000010 0.000010 0.999950 0.000010
0.192452 0.000010 0.000010 0.000010 0.807508 0.000010
0.000010 0.000010 0.000010 0.999950 0.000010 0.000010
0.000018 0.000012 0.000010 0.999941 0.000010 0.000010
0.000010 0.000010 0.000010 0.999950 0.000010 0.000010
0.000011 0.000010 0.000010 0.000011 0.999948 0.000010
0.000010 0.000010 0.000010 0.000011 0.999949 0.000010
0.000010 0.000010 0.000010 0.000010 0.000010 0.999950
0.000010 0.000010 0.000010 0.999950 0.000010 0.000010
0.000010 0.000010 0.000010 0.000010 0.999950 0.000010
0.000010 0.000015 0.000010 0.000010 0.999945 0.000010
0.000010 0.000013 0.000013 0.000010 0.999944 0.000010
0.000010 0.325540 0.674420 0.000010 0.000010 0.000010
0.000010 0.999950 0.000010 0.000010 0.000010 0.000010
0.000010 0.999950 0.000010 0.000010 0.000010 0.000010
0.000010 0.999950 0.000010 0.000010 0.000010 0.000010
0.000010 0.456601 0.543358 0.000010 0.000010 0.000010
0.000010 0.000010 0.999942 0.000010 0.000018 0.000010
0.000010 0.999950 0.000010 0.000010 0.000010 0.000010
0.999950 0.000010 0.000010 0.000010 0.000010 0.000010
0.000010 0.999950 0.000010 0.000010 0.000010 0.000010
0.000010 0.999950 0.000010 0.000010 0.000010 0.000010
0.000010 0.000010 0.999950 0.000010 0.000010 0.000010
0.000010 0.000010 0.000010 0.000010 0.999950 0.000010
0.000010 0.000010 0.000010 0.999950 0.000010 0.000010
0.000010 0.000010 0.000010 0.000010 0.999950 0.000010
0.000010 0.000010 0.999950 0.000010 0.000010 0.000010
0.000010 0.000010 0.999950 0.000010 0.000010 0.000010
0.000010 0.000012 0.999948 0.000010 0.000010 0.000010
0.000010 0.999950 0.000010 0.000010 0.000010 0.000010
0.000010 0.000010 0.999950 0.000010 0.000010 0.000010
0.000010 0.000010 0.999950 0.000010 0.000010 0.000010
0.000010 0.999950 0.000010 0.000010 0.000010 0.000010
0.000010 0.000010 0.000010 0.000010 0.999950 0.000010
0.000010 0.999950 0.000010 0.000010 0.000010 0.000010
