0.999920 0.000010 0.000010 0.000010 0.000010 0.000010 0.000010 0.000010 0.000010
0.000010 0.000010 0.999919 0.000010 0.000011 0.000010 0.000010 0.000010 0.000010
0.000010 0.000010 0.999913 0.000010 0.000010 0.000017 0.000010 0.000010 0.000010
0.000010 0.000010 0.000010 0.000010 0.000012 0.000010 0.999918 0.000010 0.000010
0.000010 0.000010 0.000010 0.000010 0.000010 0.000010 0.999920 0.000010 0.000010
0.000010 0.000010 0.000010 0.000010 0.000010 0.000010 0.999920 0.000010 0.000010
0.000010 0.000010 0.000010 0.000010 0.000010 0.000010 0.000010 0.999920 0.000010
0.000010 0.000010 0.000012 0.000019 0.000010 0.000010 0.999899 0.000019 0.000010
0.000011 0.999915 0.000010 0.000010 0.000010 0.000013 0.000010 0.000011 0.000010
0.000010 0.000010 0.000010 0.000010 0.000010 0.000016 0.000010 0.999914 0.000010
0.000010 0.000010 0.000010 0.000010 0.000010 0.000010 0.999920 0.000010 0.000010
0.000010 0.999917 0.000010 0.000010 0.000010 0.000013 0.000010 0.000010 0.000010
0.999914 0.000013 0.000010 0.000011 0.000010 0.000011 0.000010 0.000010 0.000010
0.000010 0.999909 0.000010 0.000012 0.000010 0.000015 0.000014 0.000010 0.000010
0.999898 0.000014 0.000010 0.000014 0.000018 0.000011 0.000015 0.000010 0.000010
0.000010 0.999920 0.000010 0.000010 0.000010 0.000010 0.000010 0.000010 0.000010
0.000010 0.000010 0.999920 0.000010 0.000010 0.000010 0.000010 0.000010 0.000010
0.000010 0.000010 0.999920 0.000010 0.000010 0.000010 0.000010 0.000010 0.000010
0.000010 0.000010 0.000010 0.000010 0.000010 0.000010 0.000010 0.999920 0.000010
0.000010 0.999915 0.000010 0.000012 0.000010 0.000010 0.000014 0.000010 0.000010
0.000010 0.000010 0.000010 0.000010 0.000010 0.000010 0.999920 0.000010 0.000010
0.000010 0.000010 0.000010 0.000010 0.000010 0.000011 0.000010 0.000010 0.999919
0.000010 0.000010 0.000010 0.000010 0.000010 0.000010 0.000010 0.999920 0.000010
0.000010 0.000010 0.999918 0.000010 0.000012 0.000010 0.000010 0.000010 0.000010
0.000010 0.999911 0.000010 0.000010 0.000019 0.000010 0.000010 0.000010 0.000010
0.000010 0.000010 0.999920 0.000010 0.000010 0.000010 0.000010 0.000010 0.000010
0.000010 0.000010 0.000010 0.999920 0.000010 0.000010 0.000010 0.000010 0.000010
0.000010 0.000010 0.000010 0.999920 0.000010 0.000010 0.000010 0.000010 0.000010
0.000010 0.000010 0.000010 0.000010 0.999920 0.000010 0.000010 0.000010 0.000010
0.000010 0.000010 0.000010 0.000010 0.999920 0.000010 0.000010 0.000010 0.000010
0.000010 0.000010 0.000010 0.000010 0.999920 0.000010 0.000010 0.000010 0.000010
0.000012 0.000010 0.000010 0.999918 0.000010 0.000010 0.000010 0.000010 0.000010
0.000010 0.000010 0.000010 0.653437 0.000012 0.000013 0.000010 0.346489 0.000010
0.000012 0.000010 0.000010 0.000010 0.000010 0.999918 0.000010 0.000010 0.000010
0.000010 0.000010 0.000010 0.000010 0.999920 0.000010 0.000010 0.000010 0.000010
0.000010 0.000010 0.000010 0.000010 0.999920 0.000010 0.000010 0.000010 0.000010
0.000010 0.000010 0.000010 0.999920 0.000010 0.000010 0.000010 0.000010 0.000010
0.000010 0.780432 0.000010 0.000010 0.000010 0.000010 0.000010 0.000010 0.219498
0.000010 0.999920 0.000010 0.000010 0.000010 0.000010 0.000010 0.000010 0.000010
0.999920 0.000010 0.000010 0.000010 0.000010 0.000010 0.000010 0.000010 0.000010
0.000012 0.000010 0.000015 0.999903 0.000013 0.000013 0.000013 0.000010 0.000010
0.349850 0.000010 0.000010 0.650080 0.000010 0.000010 0.000010 0.000010 0.000010
0.000010 0.000010 0.000010 0.999920 0.000010 0.000010 0.000010 0.000010 0.000010
0.000010 0.000010 0.000010 0.999920 0.000010 0.000010 0.000010 0.000010 0.000010
0.000010 0.000010 0.000010 0.999920 0.000010 0.000010 0.000010 0.000010 0.000010
0.000010 0.000010 0.000010 0.999920 0.000010 0.000010 0.000010 0.000010 0.000010
0.000011 0.000013 0.000010 0.999916 0.000010 0.000010 0.000010 0.000010 0.000010
0.000010 0.000020 0.999909 0.000010 0.000010 0.000010 0.000010 0.000011 0.000010
0.000010 0.000010 0.000010 0.000010 0.999920 0.000010 0.000010 0.000010 0.000010
