0.260055 0.337892 0.318453 0.311315 0.312786 0.312940 0.318736 0.306277 0.272987 0.283585 0.333156 0.305407 0.274114 0.276469
0.337892 0.260022 0.279210 0.314170 0.288784 0.289757 0.279933 0.304990 0.333870 0.320312 0.343922 0.303651 0.328618 0.346082
0.318453 0.279210 0.256745 0.295372 0.269282 0.270275 0.257653 0.285333 0.314451 0.300936 0.324997 0.283993 0.309203 0.326609
0.311315 0.314170 0.295372 0.260334 0.288329 0.288586 0.295650 0.293541 0.306853 0.292697 0.296443 0.292479 0.301662 0.320154
0.312786 0.288784 0.269282 0.288329 0.259812 0.261199 0.269531 0.279221 0.308686 0.294907 0.318198 0.277853 0.303399 0.321137
0.312940 0.289757 0.270275 0.288586 0.261199 0.259709 0.270526 0.279231 0.308836 0.295042 0.318426 0.277857 0.303545 0.321300
0.318736 0.279933 0.257653 0.295650 0.269531 0.270526 0.256998 0.285607 0.314733 0.301216 0.325275 0.284266 0.309484 0.326893
0.306277 0.304990 0.285333 0.293541 0.279221 0.279231 0.285607 0.260384 0.302150 0.287959 0.320509 0.262002 0.296717 0.314810
0.272987 0.333870 0.314451 0.306853 0.308686 0.308836 0.314733 0.302150 0.261169 0.279026 0.328583 0.301281 0.269893 0.283928
0.283585 0.320312 0.300936 0.292697 0.294907 0.295042 0.301216 0.287959 0.279026 0.261598 0.314329 0.287100 0.273139 0.292989
0.333156 0.343922 0.324997 0.296443 0.318198 0.318426 0.325275 0.320509 0.328583 0.314329 0.311815 0.319504 0.323427 0.342137
0.305407 0.303651 0.283993 0.292479 0.277853 0.277857 0.284266 0.262002 0.301281 0.287100 0.319504 0.259733 0.295851 0.313935
0.274114 0.328618 0.309203 0.301662 0.303399 0.303545 0.309484 0.296717 0.269893 0.273139 0.323427 0.295851 0.261460 0.283831
0.276469 0.346082 0.326609 0.320154 0.321137 0.321300 0.326893 0.314810 0.283928 0.292989 0.342137 0.313935 0.283831 0.234299
