    -nan 0.336399 0.316022 0.312759 0.312862 0.309887 0.316522 0.305351 0.272429 0.283341 0.334273 0.305098 0.272411 0.271689
0.336399     -nan 0.279901 0.312813 0.288230 0.285240 0.279130 0.306193 0.333419 0.322768 0.380534 0.305445 0.329227 0.344799
0.316022 0.279901     -nan 0.293996 0.269675 0.266774 0.254355 0.283193 0.312454 0.301248 0.359555 0.282868 0.308256 0.323785
0.312759 0.312813 0.293996 0.261310 0.287030 0.283737 0.294203 0.292765 0.306112 0.292857 0.291118 0.293173 0.303180 0.322899
0.312862 0.288230 0.269675 0.287030 0.263223 0.258505 0.270098 0.279020 0.308418 0.296292 0.345519 0.278551 0.304438 0.321235
0.309887 0.285240 0.266774 0.283737 0.258505     -nan 0.266829 0.276416 0.305644 0.292998 0.342451 0.276390 0.301327 0.318105
0.316522 0.279130 0.254355 0.294203 0.270098 0.266829 0.257178 0.284206 0.313561 0.302418 0.360294 0.283607 0.309349 0.325139
0.305351 0.306193 0.283193 0.292765 0.279020 0.276416 0.284206 0.261570 0.301313 0.286409 0.336122 0.258479 0.296702 0.314920
0.272429 0.333419 0.312454 0.306112 0.308418 0.305644 0.313561 0.301313 0.259776 0.278170 0.322926 0.301706 0.269417 0.284410
0.283341 0.322768 0.301248 0.292857 0.296292 0.292998 0.302418 0.286409 0.278170 0.263713 0.308086 0.287243 0.274930 0.294014
0.334273 0.380534 0.359555 0.291118 0.345519 0.342451 0.360294 0.336122 0.322926 0.308086     -nan 0.337846 0.322590 0.347944
0.305098 0.305445 0.282868 0.293173 0.278551 0.276390 0.283607 0.258479 0.301706 0.287243 0.337846     -nan 0.297241 0.315170
0.272411 0.329227 0.308256 0.303180 0.304438 0.301327 0.309349 0.296702 0.269417 0.274930 0.322590 0.297241 0.261246 0.283140
0.271689 0.344799 0.323785 0.322899 0.321235 0.318105 0.325139 0.314920 0.284410 0.294014 0.347944 0.315170 0.283140 0.234166
