0.256812 0.337786 0.318416 0.311384 0.312602 0.312966 0.318807 0.306347 0.272671 0.283621 0.333003 0.305337 0.274486 0.276504
0.337786 0.262464 0.278979 0.313991 0.288504 0.289805 0.279840 0.304987 0.333900 0.319995 0.343776 0.303459 0.328466 0.345931
0.318416 0.278979 0.256761 0.295247 0.269068 0.270373 0.257713 0.285400 0.314552 0.300686 0.324899 0.283871 0.309123 0.326530
0.311384 0.313991 0.295247 0.260308 0.288148 0.288567 0.295633 0.293796 0.307005 0.292574 0.296514 0.292565 0.301587 0.320159
0.312602 0.288504 0.269068 0.288148 0.259760 0.261180 0.269421 0.279122 0.308631 0.294506 0.318026 0.277553 0.303150 0.320895
0.312966 0.289805 0.270373 0.288567 0.261180 0.259629 0.270727 0.279368 0.308990 0.294848 0.318426 0.277794 0.303505 0.321268
0.318807 0.279840 0.257713 0.295633 0.269421 0.270727 0.256964 0.285782 0.314942 0.301074 0.325286 0.284253 0.309513 0.326923
0.306347 0.304987 0.285400 0.293796 0.279122 0.279368 0.285782 0.260302 0.302353 0.287782 0.320652 0.262007 0.296715 0.314793
0.272671 0.333900 0.314552 0.307005 0.308631 0.308990 0.314942 0.302353 0.261137 0.279106 0.328496 0.301345 0.270294 0.283892
0.283621 0.319995 0.300686 0.292574 0.294506 0.294848 0.301074 0.287782 0.279106 0.261579 0.313986 0.286786 0.272893 0.292922
0.333003 0.343776 0.324899 0.296514 0.318026 0.318426 0.325286 0.320652 0.328496 0.313986 0.311545 0.319488 0.323102 0.341923
0.305337 0.303459 0.283871 0.292565 0.277553 0.277794 0.284253 0.262007 0.301345 0.286786 0.319488 0.259622 0.295711 0.313778
0.274486 0.328466 0.309123 0.301587 0.303150 0.303505 0.309513 0.296715 0.270294 0.272893 0.323102 0.295711 0.261408 0.284081
0.276504 0.345931 0.326530 0.320159 0.320895 0.321268 0.326923 0.314793 0.283892 0.292922 0.341923 0.313778 0.284081 0.234397
