0.212707 0.536541 0.730797 0.723816 0.823724 0.622454 0.659560 0.618545 0.607385 0.585540 0.633632 0.752237
0.536541 0.246187 0.595389 0.588722 0.699685 0.499295 0.536573 0.495599 0.482083 0.464501 0.508557 0.617610
0.730797 0.595389 0.216559 0.237074 0.768229 0.580818 0.626930 0.578854 0.564103 0.582985 0.572925 0.289797
0.723816 0.588722 0.237074 0.216770 0.759751 0.572453 0.618653 0.570508 0.555679 0.575050 0.564306 0.271207
0.823724 0.699685 0.768229 0.759751 0.274128 0.569643 0.648305 0.566453 0.619119 0.633224 0.608112 0.786061
0.622454 0.499295 0.580818 0.572453 0.569643 0.334843 0.440861 0.349454 0.419434 0.429144 0.416933 0.598464
0.659560 0.536573 0.626930 0.618653 0.648305 0.440861 0.332845 0.435825 0.454582 0.462596 0.467246 0.644476
0.618545 0.495599 0.578854 0.570508 0.566453 0.349454 0.435825 0.334751 0.417103 0.424886 0.416553 0.596534
0.607385 0.482083 0.564103 0.555679 0.619119 0.419434 0.454582 0.417103 0.327942 0.415121 0.410731 0.580511
0.585540 0.464501 0.582985 0.575050 0.633224 0.429144 0.462596 0.424886 0.415121 0.325450 0.443508 0.601323
0.633632 0.508557 0.572925 0.564306 0.608112 0.416933 0.467246 0.416553 0.410731 0.443508 0.321930 0.589705
0.752237 0.617610 0.289797 0.271207 0.786061 0.598464 0.644476 0.596534 0.580511 0.601323 0.589705 0.224145
