0.999964 0.000016 0.000010 0.000010
0.000010 0.000010 0.999970 0.000010
0.000010 0.000010 0.999970 0.000010
0.000010 0.000010 0.000010 0.999970
0.000010 0.000010 0.000010 0.999970
0.000010 0.000010 0.000010 0.999970
0.000010 0.000010 0.000010 0.999970
0.626336 0.000010 0.000010 0.373644
0.410078 0.000010 0.000010 0.589902
0.000010 0.422918 0.000010 0.577062
0.446257 0.000010 0.000010 0.553723
0.000010 0.000010 0.000010 0.999970
0.000010 0.000010 0.000010 0.999970
0.000010 0.000010 0.000010 0.999970
0.000010 0.000010 0.000010 0.999970
0.000010 0.000010 0.999970 0.000010
0.000010 0.000010 0.999970 0.000010
0.000010 0.000018 0.999962 0.000010
0.000010 0.999969 0.000011 0.000010
0.000010 0.000012 0.999968 0.000010
0.000010 0.000010 0.999970 0.000010
0.000010 0.999970 0.000010 0.000010
0.000010 0.000010 0.999970 0.000010
0.000010 0.000010 0.999970 0.000010
0.000010 0.999970 0.000010 0.000010
0.999964 0.000010 0.000016 0.000010
0.000010 0.999962 0.000018 0.000010
0.999970 0.000010 0.000010 0.000010
0.000010 0.000010 0.999970 0.000010
0.999970 0.000010 0.000010 0.000010
0.000014 0.000010 0.999966 0.000010
0.999970 0.000010 0.000010 0.000010
0.000010 0.999968 0.000012 0.000010
0.000010 0.999960 0.000020 0.000010
0.999969 0.000011 0.000010 0.000010
0.000010 0.000010 0.828521 0.171459
0.000010 0.000010 0.043564 0.956416
0.000010 0.000010 0.002850 0.997130
0.000010 0.999970 0.000010 0.000010
0.000010 0.000010 0.855111 0.144869
0.000010 0.000010 0.000010 0.999970
0.000010 0.000010 0.000010 0.999970
0.000010 0.000010 0.000010 0.999970
0.000010 0.000010 0.000010 0.999970
0.000019 0.999961 0.000010 0.000010
