0.999960 0.000010 0.000010 0.000010 0.000010
0.999960 0.000010 0.000010 0.000010 0.000010
0.000010 0.000010 0.000010 0.000010 0.999960
0.000010 0.000010 0.999960 0.000010 0.000010
0.000010 0.000012 0.000010 0.999958 0.000010
0.000010 0.000010 0.999960 0.000010 0.000010
0.000010 0.398637 0.601333 0.000010 0.000010
0.000010 0.999954 0.000016 0.000010 0.000010
0.000010 0.999959 0.000010 0.000011 0.000010
0.000010 0.431982 0.567988 0.000010 0.000010
0.000010 0.999958 0.000012 0.000010 0.000010
0.000010 0.000010 0.999960 0.000010 0.000010
0.000010 0.000010 0.000010 0.999960 0.000010
0.000010 0.000010 0.999960 0.000010 0.000010
0.000010 0.000010 0.000010 0.999960 0.000010
0.000010 0.000010 0.000010 0.000010 0.999960
0.000010 0.000010 0.000010 0.000010 0.999960
0.000010 0.000010 0.000010 0.000010 0.999960
0.000010 0.000010 0.000010 0.000010 0.999960
0.999960 0.000010 0.000010 0.000010 0.000010
0.000010 0.000010 0.000010 0.000010 0.999960
0.000010 0.000010 0.000020 0.000010 0.999950
0.000010 0.000010 0.000010 0.000010 0.999960
0.000010 0.000010 0.000010 0.000010 0.999960
0.000010 0.000010 0.000010 0.000010 0.999960
0.000010 0.000010 0.000010 0.311728 0.688242
0.000010 0.000010 0.000010 0.000010 0.999960
0.000010 0.000010 0.000010 0.000010 0.999960
0.999960 0.000010 0.000010 0.000010 0.000010
0.999960 0.000010 0.000010 0.000010 0.000010
0.000010 0.000010 0.000011 0.000010 0.999959
0.999960 0.000010 0.000010 0.000010 0.000010
0.000010 0.000010 0.000012 0.000010 0.999958
0.000010 0.000010 0.000010 0.384333 0.615637
0.000010 0.000010 0.000010 0.588279 0.411691
0.000010 0.877302 0.000010 0.000010 0.122668
0.000010 0.999960 0.000010 0.000010 0.000010
0.000015 0.999955 0.000010 0.000010 0.000010
0.000010 0.797214 0.000010 0.000010 0.202756
0.000010 0.799367 0.000018 0.000010 0.200595
0.000010 0.999960 0.000010 0.000010 0.000010
0.000010 0.000011 0.999959 0.000010 0.000010
0.000010 0.000010 0.999960 0.000010 0.000010
0.000010 0.000010 0.000010 0.999960 0.000010
0.000010 0.000010 0.000010 0.000010 0.999960
