0.000010 0.000010 0.000010 0.000010 0.000010 0.000010 0.999920 0.000010 0.000010
0.000010 0.000010 0.000018 0.000010 0.000010 0.000010 0.999912 0.000010 0.000010
0.000010 0.000010 0.000010 0.000010 0.000010 0.000010 0.999920 0.000010 0.000010
0.000010 0.000010 0.000010 0.000010 0.000010 0.000010 0.185407 0.000010 0.814523
0.000010 0.000010 0.000011 0.999919 0.000010 0.000010 0.000010 0.000011 0.000010
0.000010 0.999920 0.000010 0.000010 0.000010 0.000010 0.000010 0.000010 0.000010
0.000010 0.999917 0.000010 0.000013 0.000010 0.000010 0.000010 0.000010 0.000010
0.000010 0.949574 0.000010 0.050356 0.000010 0.000010 0.000010 0.000010 0.000010
0.000010 0.000010 0.000013 0.999915 0.000012 0.000010 0.000010 0.000010 0.000010
0.000010 0.000010 0.000010 0.999920 0.000010 0.000010 0.000010 0.000010 0.000010
0.000010 0.000010 0.000010 0.999920 0.000010 0.000010 0.000010 0.000010 0.000010
0.000010 0.941637 0.000010 0.058293 0.000010 0.000010 0.000010 0.000010 0.000010
0.000010 0.000010 0.000011 0.000010 0.000010 0.999919 0.000010 0.000010 0.000010
0.000010 0.999920 0.000010 0.000010 0.000010 0.000010 0.000010 0.000010 0.000010
0.000010 0.928987 0.000010 0.000010 0.000010 0.070943 0.000010 0.000010 0.000010
0.000010 0.904432 0.000010 0.024980 0.000010 0.070528 0.000010 0.000010 0.000010
0.000010 0.961713 0.000010 0.000010 0.000010 0.038217 0.000010 0.000010 0.000010
0.000010 0.000010 0.999917 0.000010 0.000010 0.000010 0.000013 0.000010 0.000010
0.210141 0.000010 0.009833 0.000010 0.070541 0.000010 0.001124 0.613598 0.094733
0.107070 0.000010 0.009500 0.000010 0.050218 0.000010 0.000010 0.233432 0.599740
0.000010 0.000010 0.000010 0.000010 0.999919 0.000011 0.000010 0.000010 0.000010
0.185070 0.000010 0.000010 0.000010 0.051773 0.000010 0.000010 0.763098 0.000010
0.175992 0.001403 0.001679 0.000010 0.086662 0.001544 0.000010 0.531689 0.201011
0.000010 0.000010 0.000017 0.000019 0.000010 0.000010 0.000010 0.999905 0.000010
0.999920 0.000010 0.000010 0.000010 0.000010 0.000010 0.000010 0.000010 0.000010
0.225780 0.000010 0.010899 0.000010 0.090851 0.000010 0.000010 0.591782 0.080648
0.999920 0.000010 0.000010 0.000010 0.000010 0.000010 0.000010 0.000010 0.000010
0.000010 0.000010 0.000010 0.000012 0.000010 0.000010 0.000010 0.999918 0.000010
0.000010 0.000010 0.000010 0.000010 0.000010 0.000010 0.000010 0.000010 0.999920
0.000014 0.000010 0.000010 0.000010 0.000010 0.000010 0.000011 0.000010 0.999915
0.000010 0.000010 0.000010 0.000010 0.000010 0.000010 0.000010 0.000010 0.999920
0.000010 0.873461 0.000010 0.000010 0.000010 0.000010 0.000010 0.000010 0.126469
