0.000010 0.999920 0.000010 0.000010 0.000010 0.000010 0.000010 0.000010 0.000010
0.000010 0.999920 0.000010 0.000010 0.000010 0.000010 0.000010 0.000010 0.000010
0.000010 0.999920 0.000010 0.000010 0.000010 0.000010 0.000010 0.000010 0.000010
0.611936 0.228885 0.000010 0.036863 0.021187 0.000010 0.000010 0.050691 0.050407
0.000010 0.000010 0.000010 0.000010 0.000010 0.000010 0.999920 0.000010 0.000010
0.000010 0.000010 0.000010 0.000010 0.000010 0.000010 0.000010 0.999920 0.000010
0.000010 0.000010 0.000010 0.000010 0.000010 0.000010 0.000010 0.999920 0.000010
0.000010 0.000010 0.000010 0.000010 0.000010 0.000010 0.000010 0.999920 0.000010
0.000010 0.000010 0.000010 0.000010 0.000010 0.000010 0.999920 0.000010 0.000010
0.000010 0.000010 0.000010 0.000010 0.000010 0.000010 0.999920 0.000010 0.000010
0.000010 0.000010 0.000010 0.000010 0.000010 0.000010 0.999920 0.000010 0.000010
0.000010 0.000010 0.000010 0.000010 0.000010 0.000010 0.035554 0.964376 0.000010
0.000010 0.000010 0.000010 0.000010 0.000010 0.999920 0.000010 0.000010 0.000010
0.000010 0.000010 0.000010 0.000010 0.000010 0.000010 0.000010 0.999920 0.000010
0.000010 0.000010 0.000010 0.000010 0.000010 0.068698 0.000010 0.931232 0.000010
0.000010 0.000010 0.000010 0.000010 0.000010 0.067526 0.000010 0.932404 0.000010
0.000010 0.000010 0.000010 0.000010 0.000010 0.029560 0.000010 0.970370 0.000010
0.000010 0.000010 0.000010 0.999920 0.000010 0.000010 0.000010 0.000010 0.000010
0.736222 0.000016 0.263702 0.000010 0.000010 0.000010 0.000010 0.000010 0.000010
0.000010 0.000010 0.000010 0.000010 0.999920 0.000010 0.000010 0.000010 0.000010
0.809394 0.000010 0.190536 0.000010 0.000010 0.000010 0.000010 0.000010 0.000010
0.674069 0.000010 0.325861 0.000010 0.000010 0.000010 0.000010 0.000010 0.000010
0.719310 0.003981 0.244570 0.000010 0.021479 0.000352 0.000010 0.000010 0.010278
0.000010 0.000010 0.999914 0.000010 0.000016 0.000010 0.000010 0.000010 0.000010
0.937250 0.000010 0.062680 0.000010 0.000010 0.000010 0.000010 0.000010 0.000010
0.750406 0.000010 0.249524 0.000010 0.000010 0.000010 0.000010 0.000010 0.000010
0.999920 0.000010 0.000010 0.000010 0.000010 0.000010 0.000010 0.000010 0.000010
0.000010 0.000010 0.999915 0.000010 0.000015 0.000010 0.000010 0.000010 0.000010
0.770660 0.047224 0.000010 0.043572 0.068468 0.000010 0.000010 0.034111 0.035936
0.750561 0.078722 0.000010 0.043826 0.053229 0.004186 0.019510 0.000010 0.049946
0.767459 0.051615 0.000010 0.039129 0.062652 0.006339 0.008956 0.005264 0.058576
0.000010 0.000010 0.000010 0.000010 0.000010 0.000010 0.000010 0.000010 0.999920
