0.000010 0.999910 0.000010 0.000010 0.000020 0.000010 0.000010 0.000010 0.000010
0.000010 0.999914 0.000010 0.000010 0.000010 0.000016 0.000010 0.000010 0.000010
0.000010 0.999920 0.000010 0.000010 0.000010 0.000010 0.000010 0.000010 0.000010
0.000010 0.172288 0.000010 0.000010 0.000010 0.000010 0.827642 0.000010 0.000010
0.000010 0.000010 0.000010 0.999920 0.000010 0.000010 0.000010 0.000010 0.000010
0.000010 0.000010 0.000010 0.000010 0.000010 0.000010 0.000010 0.000010 0.999920
0.000010 0.000010 0.000010 0.000010 0.000010 0.000010 0.000010 0.000010 0.999920
0.000010 0.000010 0.000010 0.050651 0.000010 0.000010 0.000010 0.000010 0.949279
0.000012 0.000010 0.000010 0.999918 0.000010 0.000010 0.000010 0.000010 0.000010
0.000018 0.000010 0.000010 0.999902 0.000020 0.000010 0.000010 0.000010 0.000010
0.000010 0.000010 0.000010 0.999920 0.000010 0.000010 0.000010 0.000010 0.000010
0.000010 0.000010 0.000010 0.058454 0.000010 0.000010 0.000010 0.000010 0.941476
0.000010 0.000010 0.000010 0.000010 0.000010 0.000010 0.000010 0.999920 0.000010
0.000010 0.000010 0.000010 0.000010 0.000010 0.000010 0.000010 0.000010 0.999920
0.000010 0.000010 0.000010 0.000010 0.000010 0.000010 0.000010 0.070758 0.929172
0.000010 0.000010 0.000010 0.025174 0.000010 0.000010 0.000010 0.070555 0.904212
0.000010 0.000010 0.000014 0.000010 0.000010 0.000010 0.000010 0.038131 0.961795
0.000010 0.000010 0.000010 0.000010 0.999920 0.000010 0.000010 0.000010 0.000010
0.495207 0.006432 0.025832 0.000792 0.011509 0.379186 0.081022 0.000010 0.000010
0.455711 0.000010 0.000010 0.000010 0.000010 0.000010 0.544219 0.000010 0.000010
0.999920 0.000010 0.000010 0.000010 0.000010 0.000010 0.000010 0.000010 0.000010
0.501800 0.006181 0.041248 0.000010 0.003901 0.446830 0.000010 0.000010 0.000010
0.459688 0.004095 0.042944 0.000010 0.008025 0.348081 0.123553 0.000010 0.013594
0.000010 0.000010 0.000010 0.000010 0.000010 0.999920 0.000010 0.000010 0.000010
0.999920 0.000010 0.000010 0.000010 0.000010 0.000010 0.000010 0.000010 0.000010
0.657012 0.000010 0.038763 0.000010 0.010004 0.294172 0.000010 0.000010 0.000010
0.999920 0.000010 0.000010 0.000010 0.000010 0.000010 0.000010 0.000010 0.000010
0.000010 0.000010 0.000010 0.000010 0.000010 0.999920 0.000010 0.000010 0.000010
0.000010 0.000014 0.000010 0.000012 0.000013 0.000010 0.999911 0.000011 0.000010
0.000010 0.000010 0.000010 0.000010 0.000010 0.000010 0.999920 0.000010 0.000010
0.000010 0.000010 0.999920 0.000010 0.000010 0.000010 0.000010 0.000010 0.000010
0.000010 0.000010 0.002187 0.000010 0.000010 0.000010 0.122622 0.000010 0.875131
