0.999930 0.000010 0.000010 0.000010 0.000010 0.000010 0.000010 0.000010
0.999907 0.000013 0.000014 0.000019 0.000013 0.000010 0.000013 0.000010
0.999909 0.000016 0.000017 0.000010 0.000010 0.000017 0.000012 0.000010
0.183985 0.815952 0.000010 0.000010 0.000012 0.000010 0.000010 0.000010
0.000010 0.000010 0.000010 0.000013 0.000010 0.999927 0.000010 0.000010
0.000010 0.000010 0.000010 0.000010 0.000010 0.000010 0.000010 0.999930
0.000010 0.000010 0.000010 0.000010 0.000010 0.000010 0.000010 0.999930
0.000010 0.000010 0.000010 0.000010 0.000010 0.050587 0.000010 0.949353
0.000010 0.000010 0.000010 0.000010 0.000010 0.999930 0.000010 0.000010
0.000010 0.000010 0.000010 0.000010 0.000010 0.999924 0.000016 0.000010
0.000010 0.000010 0.000010 0.000010 0.000010 0.999930 0.000010 0.000010
0.000010 0.000010 0.000010 0.000010 0.000010 0.058359 0.000010 0.941581
0.000010 0.000011 0.000010 0.000010 0.000010 0.000010 0.999929 0.000010
0.000010 0.000010 0.000010 0.000010 0.000010 0.000010 0.000010 0.999930
0.000010 0.000010 0.000010 0.000010 0.000010 0.000010 0.071002 0.928938
0.000013 0.000010 0.000010 0.000012 0.000010 0.025197 0.070547 0.904201
0.000010 0.000010 0.000010 0.000010 0.000010 0.000010 0.038384 0.961556
0.000010 0.000018 0.000010 0.000019 0.999908 0.000015 0.000010 0.000010
0.002495 0.122228 0.632972 0.235381 0.006894 0.000010 0.000010 0.000010
0.000010 0.559810 0.438616 0.000010 0.001524 0.000010 0.000010 0.000010
0.000010 0.000010 0.999927 0.000010 0.000010 0.000013 0.000010 0.000010
0.001634 0.091966 0.643015 0.263345 0.000010 0.000010 0.000010 0.000010
0.001300 0.191699 0.581937 0.218372 0.000010 0.000010 0.000481 0.006192
0.000010 0.000010 0.000011 0.999926 0.000010 0.000010 0.000013 0.000010
0.000010 0.000010 0.999930 0.000010 0.000010 0.000010 0.000010 0.000010
0.000010 0.000010 0.755781 0.235388 0.008781 0.000010 0.000010 0.000010
0.000010 0.000010 0.999930 0.000010 0.000010 0.000010 0.000010 0.000010
0.000010 0.000010 0.000010 0.999930 0.000010 0.000010 0.000010 0.000010
0.000010 0.999930 0.000010 0.000010 0.000010 0.000010 0.000010 0.000010
0.000010 0.999930 0.000010 0.000010 0.000010 0.000010 0.000010 0.000010
0.000010 0.999930 0.000010 0.000010 0.000010 0.000010 0.000010 0.000010
0.000010 0.125856 0.000012 0.000010 0.000010 0.000010 0.000010 0.874083
