0	0.0120266	0.012104	0.0119769	0.0119804	0.0120792	0.0125755	0.0122483	0.0112434	0.0113171	0.0114194	0.0109169	0.0117315	0.0112348	0.0113012	0.0116276	0.0114131	0.0114075	0.0113368	0.0113082	0.0115048	0.0110837	0.0112563	0.0112183	0.0114042	0.0110808	0.0112505	0.0115692	0.0114658	0.0118401	0.0115408	0.0110849	0.0111994	0.0114277	0.011307	0.0122487	0.0120905	0.0111369	0.0114975	0.0111859	0.0114422	0.0109929	0.0113268	0.0113111	0.0112107	0.0112955	0.0115011
0.0120266	0	0.0109501	0.0110584	0.0109795	0.0110367	0.0115189	0.0112872	0.011983	0.0121149	0.0120802	0.0118675	0.0124208	0.0118653	0.0119061	0.0122013	0.0114912	0.0115321	0.011538	0.0114865	0.0114218	0.0116158	0.0114185	0.0114684	0.0115231	0.0121896	0.0123265	0.0126251	0.0125482	0.0129175	0.0126363	0.0121616	0.0123044	0.0124893	0.0123948	0.0127265	0.0112232	0.0120112	0.0125543	0.0123156	0.0125211	0.0120674	0.0124354	0.0124558	0.0123359	0.0119361	0.0126254
0.012104	0.0109501	0	0.0112184	0.0109182	0.0110981	0.0106142	0.011325	0.0121048	0.0121157	0.0120704	0.0119035	0.012518	0.0119829	0.0119949	0.0122616	0.0115998	0.0115914	0.0115677	0.0115106	0.0113465	0.0117101	0.0115193	0.0115862	0.0115391	0.0122133	0.012386	0.0127195	0.0126109	0.0129608	0.0127039	0.0122304	0.0123375	0.012538	0.0124427	0.0127738	0.0112192	0.0120539	0.012633	0.0123272	0.0125818	0.0121384	0.0125138	0.0124109	0.0123667	0.0120325	0.0126621
0.0119769	0.0110584	0.0112184	0	0.011073	0.0110774	0.0116768	0.011243	0.0119662	0.0120439	0.0120415	0.0118029	0.0124822	0.0118799	0.0118506	0.0122379	0.0114974	0.0115233	0.0114924	0.0114627	0.0113271	0.0116535	0.0114511	0.0114729	0.0114613	0.0121902	0.0123587	0.0126585	0.0124904	0.0128349	0.0126101	0.0122037	0.012265	0.0124992	0.0124006	0.0127289	0.0111098	0.0120038	0.0126105	0.0122611	0.0125294	0.0120627	0.0124739	0.0123788	0.0122634	0.011959	0.0125696
0.0119804	0.0109795	0.0109182	0.011073	0	0.0108171	0.0115334	0.0111785	0.0119433	0.0119674	0.0119264	0.0117461	0.01238	0.0118313	0.0118224	0.0121558	0.0114813	0.0114124	0.0114787	0.0113879	0.0112823	0.0115343	0.0113683	0.0113991	0.0113639	0.0120843	0.0122536	0.0125258	0.0124263	0.012794	0.0125016	0.0120359	0.0121486	0.0123679	0.0122382	0.0126739	0.0109998	0.0119839	0.0124929	0.0121896	0.0124414	0.0119457	0.0123375	0.0122861	0.0121554	0.0119119	0.0125072
0.0120792	0.0110367	0.0110981	0.0110774	0.0108171	0	0.0116022	0.0111235	0.0120226	0.0120426	0.0120544	0.0118245	0.0124275	0.0118858	0.0118241	0.0122084	0.0115035	0.0114983	0.0115273	0.0113867	0.0113469	0.0115649	0.0114567	0.011454	0.0114687	0.0121777	0.0123337	0.0126357	0.01254	0.0128759	0.0125707	0.0121794	0.0122684	0.0124703	0.0123831	0.0127084	0.0110978	0.0119846	0.0125398	0.0122411	0.0125328	0.0120947	0.0124288	0.0123967	0.01226	0.0119404	0.0125908
0.0125755	0.0115189	0.0106142	0.0116768	0.0115334	0.0116022	0	0.0117885	0.0126149	0.0125159	0.0126022	0.0124336	0.0129226	0.0124923	0.0124887	0.0127309	0.012134	0.0121576	0.0121284	0.0120646	0.0119458	0.0122083	0.0120581	0.0120692	0.0120596	0.0127647	0.0128207	0.0132124	0.0131083	0.0133726	0.0131451	0.0127159	0.0128602	0.0129598	0.0129496	0.0132187	0.0117339	0.0125759	0.0131481	0.0128652	0.0131148	0.0127033	0.0130091	0.0129682	0.0128487	0.0125332	0.013186
0.0122483	0.0112872	0.011325	0.011243	0.0111785	0.0111235	0.0117885	0	0.0122102	0.0122568	0.012226	0.0120213	0.0126642	0.0121155	0.0121007	0.0124154	0.0117384	0.0117116	0.0117766	0.0117161	0.0115357	0.011822	0.0116918	0.0116781	0.0116961	0.0124159	0.0125463	0.0128862	0.0127597	0.0130717	0.0128073	0.0123396	0.0125159	0.0126858	0.012535	0.01289	0.011375	0.0121952	0.0127623	0.0124694	0.0126882	0.0123004	0.012636	0.0125729	0.0124773	0.0121641	0.0128103
0.0112434	0.011983	0.0121048	0.0119662	0.0119433	0.0120226	0.0126149	0.0122102	0	0.0108937	0.0113022	0.0109127	0.0116237	0.0111109	0.0111674	0.0115694	0.0114439	0.0113928	0.0113942	0.0113391	0.0114617	0.0110711	0.0112552	0.0111715	0.0114005	0.0114196	0.0116189	0.0119183	0.0118023	0.0121465	0.0118324	0.0114706	0.0115526	0.0116827	0.0116434	0.0122761	0.0120718	0.011287	0.0117806	0.0115401	0.0117263	0.0113427	0.0117378	0.0116182	0.0115088	0.0114227	0.0118764
0.0113171	0.0121149	0.0121157	0.0120439	0.0119674	0.0120426	0.0125159	0.0122568	0.0108937	0	0.0113734	0.0110597	0.0118396	0.0113096	0.0112529	0.0116532	0.0114768	0.0115118	0.0114885	0.0113982	0.0115895	0.0111597	0.0113468	0.0112996	0.0115618	0.0115291	0.0116208	0.0119674	0.0118841	0.0122056	0.0118619	0.0114942	0.0116055	0.0117801	0.0117067	0.0122692	0.0120991	0.0113244	0.0119009	0.0115833	0.011846	0.0113693	0.0117757	0.0117116	0.0115447	0.0114153	0.0119408
0.0114194	0.0120802	0.0120704	0.0120415	0.0119264	0.0120544	0.0126022	0.012226	0.0113022	0.0113734	0	0.0111445	0.0118148	0.0111021	0.0111136	0.0115525	0.011472	0.0114439	0.0114363	0.0113478	0.0115045	0.0111212	0.0112707	0.0112557	0.0114399	0.011557	0.0116831	0.0120547	0.0119613	0.0122917	0.0119414	0.0115796	0.0116952	0.0119412	0.0117313	0.0122961	0.0120739	0.0113984	0.0119345	0.0117024	0.0118631	0.0114403	0.0117629	0.0117759	0.0116141	0.0115202	0.0120038
0.0109169	0.0118675	0.0119035	0.0118029	0.0117461	0.0118245	0.0124336	0.0120213	0.0109127	0.0110597	0.0111445	0	0.0114553	0.0110302	0.0109035	0.0113716	0.0112445	0.011237	0.011225	0.0111524	0.0112785	0.0108278	0.0110743	0.0109999	0.0111878	0.0111641	0.0112799	0.0116456	0.0114901	0.0118587	0.0115184	0.0111385	0.0112496	0.0114888	0.0113027	0.0119785	0.0118785	0.0109883	0.0114306	0.0111998	0.0113922	0.0109665	0.0114031	0.0113277	0.0112141	0.0111412	0.0115774
0.0117315	0.0124208	0.012518	0.0124822	0.01238	0.0124275	0.0129226	0.0126642	0.0116237	0.0118396	0.0118148	0.0114553	0	0.0116815	0.0116855	0.0120858	0.0118912	0.011854	0.011869	0.0117967	0.0119844	0.0115392	0.0117369	0.0116513	0.0118627	0.0118651	0.0120058	0.0124022	0.0122571	0.0126368	0.0123073	0.0119024	0.0120301	0.0122344	0.0121388	0.012633	0.0125166	0.0116339	0.0121929	0.0119639	0.0122243	0.0117268	0.0121781	0.0120993	0.0119659	0.0118082	0.012342
0.0112348	0.0118653	0.0119829	0.0118799	0.0118313	0.0118858	0.0124923	0.0121155	0.0111109	0.0113096	0.0111021	0.0110302	0.0116815	0	0.0109925	0.0114527	0.0113177	0.0113111	0.0112672	0.0113043	0.0113642	0.0110265	0.0112149	0.0110537	0.0113231	0.0114579	0.0116339	0.0119348	0.0117597	0.0121249	0.0118207	0.0114371	0.0114731	0.0117307	0.0116478	0.0121274	0.0119394	0.0113129	0.0118107	0.0115014	0.011772	0.0113195	0.0117128	0.0116361	0.0115487	0.0114034	0.0118452
0.0113012	0.0119061	0.0119949	0.0118506	0.0118224	0.0118241	0.0124887	0.0121007	0.0111674	0.0112529	0.0111136	0.0109035	0.0116855	0.0109925	0	0.0114249	0.0113563	0.0113242	0.0112698	0.011319	0.0113765	0.0110344	0.0112473	0.0111514	0.0112939	0.0114268	0.0115705	0.0119376	0.0118371	0.0122048	0.0118657	0.0114597	0.0115774	0.0117732	0.0115849	0.0121205	0.0119388	0.0112801	0.0118132	0.0115388	0.011745	0.0112789	0.0116702	0.0116222	0.0115193	0.0112976	0.0118899
0.0116276	0.0122013	0.0122616	0.0122379	0.0121558	0.0122084	0.0127309	0.0124154	0.0115694	0.0116532	0.0115525	0.0113716	0.0120858	0.0114527	0.0114249	0	0.0116059	0.0116109	0.0115822	0.0115237	0.0117117	0.0113215	0.011472	0.0114583	0.0116132	0.0117675	0.0119659	0.0122981	0.0121615	0.0125611	0.0122509	0.0118521	0.0119316	0.0121488	0.0120186	0.0124668	0.0122798	0.0116161	0.0121284	0.0119295	0.0121443	0.0116786	0.0120781	0.0120091	0.0118771	0.0116865	0.0122248
0.0114131	0.0114912	0.0115998	0.0114974	0.0114813	0.0115035	0.012134	0.0117384	0.0114439	0.0114768	0.011472	0.0112445	0.0118912	0.0113177	0.0113563	0.0116059	0	0.0107	0.0107361	0.0106099	0.0108973	0.0109366	0.0106582	0.0107148	0.0105726	0.0115745	0.0116532	0.0121109	0.0119526	0.0123607	0.0120123	0.0116226	0.0116656	0.011909	0.0117641	0.0121185	0.0114939	0.0113796	0.0119473	0.0116424	0.0119389	0.0113996	0.0118441	0.0117606	0.0116941	0.0112984	0.0120676
0.0114075	0.0115321	0.0115914	0.0115233	0.0114124	0.0114983	0.0121576	0.0117116	0.0113928	0.0115118	0.0114439	0.011237	0.011854	0.0113111	0.0113242	0.0116109	0.0107	0	0.0106623	0.0106939	0.0108726	0.0109466	0.0105452	0.0107418	0.0106968	0.0115254	0.0117057	0.0119697	0.0118689	0.0122282	0.0120141	0.0115592	0.0116002	0.0118007	0.0117123	0.0121764	0.0115755	0.0113048	0.0118813	0.0116318	0.0118289	0.0113564	0.0117929	0.0117788	0.0116216	0.0112506	0.0119306
0.0113368	0.011538	0.0115677	0.0114924	0.0114787	0.0115273	0.0121284	0.0117766	0.0113942	0.0114885	0.0114363	0.011225	0.011869	0.0112672	0.0112698	0.0115822	0.0107361	0.0106623	0	0.010611	0.0109409	0.0109187	0.0106847	0.0107256	0.0106946	0.0115482	0.0116406	0.0120464	0.0119143	0.0122343	0.0119974	0.0114999	0.0115909	0.0118327	0.0116715	0.012092	0.0115581	0.0113194	0.0119257	0.0116287	0.0118582	0.0113855	0.0117925	0.0117089	0.0116223	0.0112598	0.0119445
0.0113082	0.0114865	0.0115106	0.0114627	0.0113879	0.0113867	0.0120646	0.0117161	0.0113391	0.0113982	0.0113478	0.0111524	0.0117967	0.0113043	0.011319	0.0115237	0.0106099	0.0106939	0.010611	0	0.0108858	0.0108796	0.0106281	0.010794	0.0102219	0.0115578	0.0116519	0.0121029	0.0119196	0.0122811	0.0119711	0.0115028	0.0116283	0.0118311	0.01169	0.01208	0.0115276	0.0112573	0.0119275	0.0116142	0.0118396	0.0113688	0.0117581	0.0117505	0.0116043	0.0112277	0.0119647
0.0115048	0.0114218	0.0113465	0.0113271	0.0112823	0.0113469	0.0119458	0.0115357	0.0114617	0.0115895	0.0115045	0.0112785	0.0119844	0.0113642	0.0113765	0.0117117	0.0108973	0.0108726	0.0109409	0.0108858	0	0.0110803	0.0108901	0.0109632	0.0108977	0.011648	0.011821	0.0121507	0.0120822	0.0124324	0.0121351	0.011746	0.0117768	0.0119989	0.011865	0.0122381	0.0114159	0.011464	0.012051	0.0117645	0.01203	0.0115783	0.0119336	0.0119181	0.0117414	0.0114471	0.0121227
0.0110837	0.0116158	0.0117101	0.0116535	0.0115343	0.0115649	0.0122083	0.011822	0.0110711	0.0111597	0.0111212	0.0108278	0.0115392	0.0110265	0.0110344	0.0113215	0.0109366	0.0109466	0.0109187	0.0108796	0.0110803	0	0.0108014	0.0107256	0.0109297	0.0112012	0.0113808	0.011729	0.011621	0.0120078	0.011701	0.0112538	0.0113354	0.0115834	0.0114493	0.0116503	0.0116982	0.0110572	0.0115963	0.0113209	0.0115486	0.0111641	0.0115024	0.0114964	0.0113597	0.0110578	0.0116708
0.0112563	0.0114185	0.0115193	0.0114511	0.0113683	0.0114567	0.0120581	0.0116918	0.0112552	0.0113468	0.0112707	0.0110743	0.0117369	0.0112149	0.0112473	0.011472	0.0106582	0.0105452	0.0106847	0.0106281	0.0108901	0.0108014	0	0.0104063	0.0106493	0.01141	0.0115888	0.0118961	0.0118353	0.0121627	0.0119151	0.0113822	0.0115132	0.0117308	0.0115864	0.0119658	0.011501	0.01119	0.0118097	0.0115175	0.0118148	0.0113228	0.011652	0.0116449	0.0115355	0.011128	0.0118633
0.0112183	0.0114684	0.0115862	0.0114729	0.0113991	0.011454	0.0120692	0.0116781	0.0111715	0.0112996	0.0112557	0.0109999	0.0116513	0.0110537	0.0111514	0.0114583	0.0107148	0.0107418	0.0107256	0.010794	0.0109632	0.0107256	0.0104063	0	0.0107512	0.0113455	0.0114629	0.0118466	0.011754	0.0120977	0.0117955	0.0113575	0.0114419	0.0116871	0.0115265	0.0119274	0.0115324	0.0110711	0.011711	0.0115118	0.0117473	0.0112106	0.0116103	0.0115715	0.011523	0.0110727	0.0117964
0.0114042	0.0115231	0.0115391	0.0114613	0.0113639	0.0114687	0.0120596	0.0116961	0.0114005	0.0115618	0.0114399	0.0111878	0.0118627	0.0113231	0.0112939	0.0116132	0.0105726	0.0106968	0.0106946	0.0102219	0.0108977	0.0109297	0.0106493	0.0107512	0	0.0115425	0.0117109	0.0120729	0.0119407	0.0123244	0.012027	0.011618	0.0116227	0.0119056	0.0117533	0.0120988	0.0115466	0.011328	0.0119263	0.0116516	0.0118738	0.0114336	0.0118033	0.0117608	0.0116918	0.011295	0.0120026
0.0110808	0.0121896	0.0122133	0.0121902	0.0120843	0.0121777	0.0127647	0.0124159	0.0114196	0.0115291	0.011557	0.0111641	0.0118651	0.0114579	0.0114268	0.0117675	0.0115745	0.0115254	0.0115482	0.0115578	0.011648	0.0112012	0.01141	0.0113455	0.0115425	0	0.00941799	0.0097655	0.00958076	0.00996058	0.00970498	0.00931255	0.00928444	0.00952497	0.00949724	0.0123522	0.0122562	0.0113611	0.00948219	0.00926074	0.00962505	0.00887604	0.00953924	0.00946743	0.009135	0.0114358	0.00964025
0.0112505	0.0123265	0.012386	0.0123587	0.0122536	0.0123337	0.0128207	0.0125463	0.0116189	0.0116208	0.0116831	0.0112799	0.0120058	0.0116339	0.0115705	0.0119659	0.0116532	0.0117057	0.0116406	0.0116519	0.011821	0.0113808	0.0115888	0.0114629	0.0117109	0.00941799	0	0.00988217	0.00977542	0.0101753	0.00983308	0.00939209	0.00953875	0.00974474	0.00957663	0.0125349	0.0124346	0.0114744	0.00963936	0.00941724	0.00976727	0.0091351	0.00971127	0.00954714	0.0094074	0.0116281	0.00985302
0.0115692	0.0126251	0.0127195	0.0126585	0.0125258	0.0126357	0.0132124	0.0128862	0.0119183	0.0119674	0.0120547	0.0116456	0.0124022	0.0119348	0.0119376	0.0122981	0.0121109	0.0119697	0.0120464	0.0121029	0.0121507	0.011729	0.0118961	0.0118466	0.0120729	0.0097655	0.00988217	0	0.00878368	0.00875846	0.00989842	0.0099678	0.00795539	0.00829045	0.00960175	0.0128717	0.0127015	0.0118545	0.0100671	0.00979582	0.00969693	0.00963087	0.00965129	0.00960784	0.00976598	0.0119858	0.0066607
0.0114658	0.0125482	0.0126109	0.0124904	0.0124263	0.01254	0.0131083	0.0127597	0.0118023	0.0118841	0.0119613	0.0114901	0.0122571	0.0117597	0.0118371	0.0121615	0.0119526	0.0118689	0.0119143	0.0119196	0.0120822	0.011621	0.0118353	0.011754	0.0119407	0.00958076	0.00977542	0.00878368	0	0.00859738	0.00969985	0.00979283	0.00814587	0.00812839	0.0094821	0.0127425	0.0126114	0.011693	0.00993613	0.00959309	0.00961933	0.00937941	0.0095747	0.00943223	0.00966209	0.0118219	0.00870659
0.0118401	0.0129175	0.0129608	0.0128349	0.012794	0.0128759	0.0133726	0.0130717	0.0121465	0.0122056	0.0122917	0.0118587	0.0126368	0.0121249	0.0122048	0.0125611	0.0123607	0.0122282	0.0122343	0.0122811	0.0124324	0.0120078	0.0121627	0.0120977	0.0123244	0.00996058	0.0101753	0.00875846	0.00859738	0	0.0101582	0.0101181	0.00821342	0.00865493	0.00993514	0.0130622	0.0129406	0.0120516	0.0102818	0.0100717	0.0100656	0.00986485	0.00994229	0.00987639	0.00993857	0.0122268	0.00879684
0.0115408	0.0126363	0.0127039	0.0126101	0.0125016	0.0125707	0.0131451	0.0128073	0.0118324	0.0118619	0.0119414	0.0115184	0.0123073	0.0118207	0.0118657	0.0122509	0.0120123	0.0120141	0.0119974	0.0119711	0.0121351	0.011701	0.0119151	0.0117955	0.012027	0.00970498	0.00983308	0.00989842	0.00969985	0.0101582	0	0.00981708	0.00948023	0.00969805	0.00823673	0.012788	0.0126751	0.0117585	0.0100107	0.0097792	0.00824276	0.00950116	0.00849831	0.00823284	0.0097268	0.011909	0.00986369
0.0110849	0.0121616	0.0122304	0.0122037	0.0120359	0.0121794	0.0127159	0.0123396	0.0114706	0.0114942	0.0115796	0.0111385	0.0119024	0.0114371	0.0114597	0.0118521	0.0116226	0.0115592	0.0114999	0.0115028	0.011746	0.0112538	0.0113822	0.0113575	0.011618	0.00931255	0.00939209	0.0099678	0.00979283	0.0101181	0.00981708	0	0.00951167	0.00969911	0.00957752	0.0124007	0.0122707	0.0112632	0.00975117	0.00951506	0.00980515	0.00922987	0.00961208	0.00959659	0.00951211	0.0114441	0.00989546
0.0111994	0.0123044	0.0123375	0.012265	0.0121486	0.0122684	0.0128602	0.0125159	0.0115526	0.0116055	0.0116952	0.0112496	0.0120301	0.0114731	0.0115774	0.0119316	0.0116656	0.0116002	0.0115909	0.0116283	0.0117768	0.0113354	0.0115132	0.0114419	0.0116227	0.00928444	0.00953875	0.00795539	0.00814587	0.00821342	0.00948023	0.00951167	0	0.00764695	0.00917637	0.012445	0.0123608	0.0114129	0.00967227	0.00936705	0.00937004	0.00910589	0.00923292	0.00921184	0.0093173	0.0115899	0.00802194
0.0114277	0.0124893	0.012538	0.0124992	0.0123679	0.0124703	0.0129598	0.0126858	0.0116827	0.0117801	0.0119412	0.0114888	0.0122344	0.0117307	0.0117732	0.0121488	0.011909	0.0118007	0.0118327	0.0118311	0.0119989	0.0115834	0.0117308	0.0116871	0.0119056	0.00952497	0.00974474	0.00829045	0.00812839	0.00865493	0.00969805	0.00969911	0.00764695	0	0.00940987	0.0127298	0.0125218	0.0116303	0.00992579	0.0096538	0.00949013	0.00940904	0.00955633	0.00938769	0.009574	0.0117964	0.00824254
0.011307	0.0123948	0.0124427	0.0124006	0.0122382	0.0123831	0.0129496	0.012535	0.0116434	0.0117067	0.0117313	0.0113027	0.0121388	0.0116478	0.0115849	0.0120186	0.0117641	0.0117123	0.0116715	0.01169	0.011865	0.0114493	0.0115864	0.0115265	0.0117533	0.00949724	0.00957663	0.00960175	0.0094821	0.00993514	0.00823673	0.00957752	0.00917637	0.00940987	0	0.0125074	0.0124239	0.0115097	0.00972808	0.00947783	0.00786205	0.00920327	0.00618682	0.00746301	0.00954596	0.0117041	0.00957171
0.0122487	0.0127265	0.0127738	0.0127289	0.0126739	0.0127084	0.0132187	0.01289	0.0122761	0.0122692	0.0122961	0.0119785	0.012633	0.0121274	0.0121205	0.0124668	0.0121185	0.0121764	0.012092	0.01208	0.0122381	0.0116503	0.0119658	0.0119274	0.0120988	0.0123522	0.0125349	0.0128717	0.0127425	0.0130622	0.012788	0.0124007	0.012445	0.0127298	0.0125074	0	0.0128008	0.0121529	0.0127572	0.0124481	0.0126553	0.01222	0.0125895	0.0125998	0.0124782	0.0121486	0.0128452
0.0120905	0.0112232	0.0112192	0.0111098	0.0109998	0.0110978	0.0117339	0.011375	0.0120718	0.0120991	0.0120739	0.0118785	0.0125166	0.0119394	0.0119388	0.0122798	0.0114939	0.0115755	0.0115581	0.0115276	0.0114159	0.0116982	0.011501	0.0115324	0.0115466	0.0122562	0.0124346	0.0127015	0.0126114	0.0129406	0.0126751	0.0122707	0.0123608	0.0125218	0.0124239	0.0128008	0	0.012069	0.0126438	0.012395	0.0125995	0.0121596	0.0125191	0.0124907	0.0123081	0.0120798	0.0126763
0.0111369	0.0120112	0.0120539	0.0120038	0.0119839	0.0119846	0.0125759	0.0121952	0.011287	0.0113244	0.0113984	0.0109883	0.0116339	0.0113129	0.0112801	0.0116161	0.0113796	0.0113048	0.0113194	0.0112573	0.011464	0.0110572	0.01119	0.0110711	0.011328	0.0113611	0.0114744	0.0118545	0.011693	0.0120516	0.0117585	0.0112632	0.0114129	0.0116303	0.0115097	0.0121529	0.012069	0	0.0117058	0.0114534	0.0116522	0.0112337	0.0115645	0.0115837	0.0114376	0.0110037	0.011777
0.0114975	0.0125543	0.012633	0.0126105	0.0124929	0.0125398	0.0131481	0.0127623	0.0117806	0.0119009	0.0119345	0.0114306	0.0121929	0.0118107	0.0118132	0.0121284	0.0119473	0.0118813	0.0119257	0.0119275	0.012051	0.0115963	0.0118097	0.011711	0.0119263	0.00948219	0.00963936	0.0100671	0.00993613	0.0102818	0.0100107	0.00975117	0.00967227	0.00992579	0.00972808	0.0127572	0.0126438	0.0117058	0	0.00955125	0.00979976	0.00933336	0.00982365	0.00973672	0.00951196	0.0118301	0.0100023
0.0111859	0.0123156	0.0123272	0.0122611	0.0121896	0.0122411	0.0128652	0.0124694	0.0115401	0.0115833	0.0117024	0.0111998	0.0119639	0.0115014	0.0115388	0.0119295	0.0116424	0.0116318	0.0116287	0.0116142	0.0117645	0.0113209	0.0115175	0.0115118	0.0116516	0.00926074	0.00941724	0.00979582	0.00959309	0.0100717	0.0097792	0.00951506	0.00936705	0.0096538	0.00947783	0.0124481	0.012395	0.0114534	0.00955125	0	0.00968124	0.00904161	0.00959493	0.00948461	0.00936507	0.0115534	0.00974657
0.0114422	0.0125211	0.0125818	0.0125294	0.0124414	0.0125328	0.0131148	0.0126882	0.0117263	0.011846	0.0118631	0.0113922	0.0122243	0.011772	0.011745	0.0121443	0.0119389	0.0118289	0.0118582	0.0118396	0.01203	0.0115486	0.0118148	0.0117473	0.0118738	0.00962505	0.00976727	0.00969693	0.00961933	0.0100656	0.00824276	0.00980515	0.00937004	0.00949013	0.00786205	0.0126553	0.0125995	0.0116522	0.00979976	0.00968124	0	0.00941051	0.00793247	0.00825419	0.0095978	0.0118143	0.0097027
0.0109929	0.0120674	0.0121384	0.0120627	0.0119457	0.0120947	0.0127033	0.0123004	0.0113427	0.0113693	0.0114403	0.0109665	0.0117268	0.0113195	0.0112789	0.0116786	0.0113996	0.0113564	0.0113855	0.0113688	0.0115783	0.0111641	0.0113228	0.0112106	0.0114336	0.00887604	0.0091351	0.00963087	0.00937941	0.00986485	0.00950116	0.00922987	0.00910589	0.00940904	0.00920327	0.01222	0.0121596	0.0112337	0.00933336	0.00904161	0.00941051	0	0.00932103	0.0092086	0.00895007	0.0113715	0.00957742
0.0113268	0.0124354	0.0125138	0.0124739	0.0123375	0.0124288	0.0130091	0.012636	0.0117378	0.0117757	0.0117629	0.0114031	0.0121781	0.0117128	0.0116702	0.0120781	0.0118441	0.0117929	0.0117925	0.0117581	0.0119336	0.0115024	0.011652	0.0116103	0.0118033	0.00953924	0.00971127	0.00965129	0.0095747	0.00994229	0.00849831	0.00961208	0.00923292	0.00955633	0.00618682	0.0125895	0.0125191	0.0115645	0.00982365	0.00959493	0.00793247	0.00932103	0	0.0080125	0.00964201	0.0117555	0.00962005
0.0113111	0.0124558	0.0124109	0.0123788	0.0122861	0.0123967	0.0129682	0.0125729	0.0116182	0.0117116	0.0117759	0.0113277	0.0120993	0.0116361	0.0116222	0.0120091	0.0117606	0.0117788	0.0117089	0.0117505	0.0119181	0.0114964	0.0116449	0.0115715	0.0117608	0.00946743	0.00954714	0.00960784	0.00943223	0.00987639	0.00823284	0.00959659	0.00921184	0.00938769	0.00746301	0.0125998	0.0124907	0.0115837	0.00973672	0.00948461	0.00825419	0.0092086	0.0080125	0	0.00949277	0.0117148	0.00952571
0.0112107	0.0123359	0.0123667	0.0122634	0.0121554	0.01226	0.0128487	0.0124773	0.0115088	0.0115447	0.0116141	0.0112141	0.0119659	0.0115487	0.0115193	0.0118771	0.0116941	0.0116216	0.0116223	0.0116043	0.0117414	0.0113597	0.0115355	0.011523	0.0116918	0.009135	0.0094074	0.00976598	0.00966209	0.00993857	0.0097268	0.00951211	0.0093173	0.009574	0.00954596	0.0124782	0.0123081	0.0114376	0.00951196	0.00936507	0.0095978	0.00895007	0.00964201	0.00949277	0	0.0115472	0.00968077
0.0112955	0.0119361	0.0120325	0.011959	0.0119119	0.0119404	0.0125332	0.0121641	0.0114227	0.0114153	0.0115202	0.0111412	0.0118082	0.0114034	0.0112976	0.0116865	0.0112984	0.0112506	0.0112598	0.0112277	0.0114471	0.0110578	0.011128	0.0110727	0.011295	0.0114358	0.0116281	0.0119858	0.0118219	0.0122268	0.011909	0.0114441	0.0115899	0.0117964	0.0117041	0.0121486	0.0120798	0.0110037	0.0118301	0.0115534	0.0118143	0.0113715	0.0117555	0.0117148	0.0115472	0	0.0118742
0.0115011	0.0126254	0.0126621	0.0125696	0.0125072	0.0125908	0.013186	0.0128103	0.0118764	0.0119408	0.0120038	0.0115774	0.012342	0.0118452	0.0118899	0.0122248	0.0120676	0.0119306	0.0119445	0.0119647	0.0121227	0.0116708	0.0118633	0.0117964	0.0120026	0.00964025	0.00985302	0.0066607	0.00870659	0.00879684	0.00986369	0.00989546	0.00802194	0.00824254	0.00957171	0.0128452	0.0126763	0.011777	0.0100023	0.00974657	0.0097027	0.00957742	0.00962005	0.00952571	0.00968077	0.0118742	0
