datapath = ./Tstr
mcmcpath = ./Tstr_res2
nIndiv = 42
nSites = 8645066
nDemes = 300
diploid = true
numMCMCIter = 30000000
numBurnIter = 15000000
numThinIter = 10000

mSeedsProposalS2 = 0.010000
qSeedsProposalS2 = 0.100000
mEffctProposalS2 = 0.100000
qEffctProposalS2 = 0.001000

mrateMuProposalS2 = 0.010000
