 0 0.202835659220 0.345661727288 0.335022401726 0.354088002643 0.320152125005 0.314802748430 0.288120611351 0.298544965806 0.295862413839 0.340122926364 0.321076648299 0.358011412888 0.199800033100 0.228697383723 0.203566601649 0.203314905872 0.207987709972 0.202247589131 0.194751477170 0.199963553267 0.200008900808 0.220123220885 0.240343432949 0.255891105993 0.297764182075 0.295800294755 0.250196211556 0.267988501290 0.294496780510 0.340287897007 0.327598101475 0.318301720027 0.236358441828
 0.202835659220 0 0.348626866105 0.338788808713 0.356754385735 0.325048616299 0.317263379089 0.291709891605 0.301444292962 0.298635578161 0.344138498359 0.325805350797 0.362255747845 0.202593713165 0.233480492827 0.205449514363 0.205115753908 0.210974115708 0.209879278510 0.197548184393 0.202206423250 0.196454644044 0.204826140881 0.246625897843 0.259176247145 0.301050788491 0.299411879438 0.254033116925 0.270730597474 0.297449386393 0.344233384528 0.331230603877 0.321499205736 0.242649248612
 0.345661727288 0.348626866105 0 0.200616473965 0.219433091394 0.326344258508 0.318521311228 0.292683335363 0.302720754580 0.298488482455 0.344083798700 0.324396214411 0.361210756469 0.337545617483 0.358217195281 0.338393744079 0.338079671267 0.346855103737 0.341726624717 0.341394808173 0.345413866713 0.344335930208 0.360948111047 0.328007968195 0.322945724212 0.307604170021 0.309794142794 0.324458897264 0.343553155197 0.305322844393 0.344566517545 0.333935370696 0.321513067699 0.360556901266
 0.335022401726 0.338788808713 0.200616473965 0 0.210050068510 0.316050764391 0.309293597636 0.280534401568 0.292815956924 0.290360493906 0.334345927561 0.315219692369 0.350731533961 0.327618497322 0.348134038782 0.328929720243 0.327692298433 0.337182518052 0.332257376950 0.331022975615 0.335203559854 0.333289380755 0.352611878196 0.316452354093 0.314920371926 0.299679957737 0.300089650075 0.316380824670 0.333592479187 0.295694603520 0.336014588942 0.323247240532 0.313248254735 0.351140323680
 0.354088002643 0.356754385735 0.219433091394 0.210050068510 0 0.336762738449 0.329167165210 0.300607880491 0.312180529749 0.308410990664 0.354186793845 0.337593095869 0.372217019302 0.348050705682 0.368506031063 0.347242382862 0.347799700860 0.355050408578 0.350418444493 0.350676357464 0.354319151062 0.353168375739 0.370770620854 0.336768314413 0.332945779387 0.318418743840 0.318918566779 0.335221833862 0.353290555558 0.315011576834 0.354827773002 0.343217831963 0.331562194851 0.368926675109
 0.320152125005 0.325048616299 0.326344258508 0.316050764391 0.336762738449 0 0.291972360857 0.270273526159 0.278475073108 0.274221243846 0.325837649607 0.304887736468 0.341345678860 0.313939171870 0.333062058351 0.312320461453 0.311906695358 0.320175711425 0.316663774770 0.315410523827 0.320147306630 0.319827110370 0.336836646862 0.302945926915 0.295904426026 0.283959358505 0.282998459273 0.298645460884 0.275970685403 0.281373297736 0.327666824328 0.312877956629 0.303380137294 0.335425898338
 0.314802748430 0.317263379089 0.318521311228 0.309293597636 0.329167165210 0.291972360857 0 0.259930923294 0.271123849587 0.269130036325 0.317329469257 0.298535490906 0.333698604091 0.307242991371 0.327495661131 0.306709184878 0.304719488972 0.314839167243 0.307839573600 0.310293047268 0.311502249276 0.312378572912 0.328068790880 0.295602988244 0.289758603008 0.278247412777 0.279030554451 0.292167075746 0.311749631615 0.274910713306 0.318642034356 0.306465399903 0.295457884469 0.327668498181
 0.288120611351 0.291709891605 0.292683335363 0.280534401568 0.300607880491 0.270273526159 0.259930923294 0 0.243288810835 0.239945536589 0.290277869925 0.270150748920 0.307495175430 0.281694294025 0.301320009155 0.281930960362 0.281114663422 0.289338076281 0.283046572235 0.283425230711 0.288266250685 0.288251849610 0.304366268599 0.270327079465 0.265749093367 0.253076215856 0.253440524751 0.267582420600 0.285352830106 0.249972714595 0.292927878733 0.280294508944 0.270389145128 0.303957072878
 0.298544965806 0.301444292962 0.302720754580 0.292815956924 0.312180529749 0.278475073108 0.271123849587 0.243288810835 0 0.241420307243 0.300436550261 0.281990056779 0.316207878674 0.290909039128 0.310121878070 0.290293104149 0.291295343539 0.297838379453 0.294259213512 0.290991354334 0.298376365799 0.297059820775 0.313713640885 0.279485489438 0.276971045379 0.262384399964 0.263460673825 0.276754284141 0.294781466796 0.260031569010 0.302987122170 0.290889254324 0.279606115826 0.313391941947
 0.295862413839 0.298635578161 0.298488482455 0.290360493906 0.308410990664 0.274221243846 0.269130036325 0.239945536589 0.241420307243 0 0.297674137698 0.279310681701 0.313166546191 0.286880525416 0.307908038116 0.285207931189 0.287600966554 0.294727381187 0.289179263433 0.290084884420 0.295060369811 0.293602737234 0.312598323204 0.277128256151 0.271664460958 0.260465145462 0.260201082744 0.273711861672 0.293094756353 0.256418636418 0.299596883211 0.287844518271 0.276009300970 0.309498876518
 0.340122926364 0.344138498359 0.344083798700 0.334345927561 0.354186793845 0.325837649607 0.317329469257 0.290277869925 0.300436550261 0.297674137698 0 0.185904610189 0.228207126945 0.333004523832 0.352911120821 0.331925454416 0.331442526174 0.341538948858 0.334096103455 0.338334100863 0.339603763458 0.339212672461 0.357217543678 0.322361859853 0.318517713404 0.306738936597 0.308729688929 0.318202972163 0.338234559706 0.303596538160 0.273366217039 0.262614590174 0.257418624354 0.353072408811
 0.321076648299 0.325805350797 0.324396214411 0.315219692369 0.337593095869 0.304887736468 0.298535490906 0.270150748920 0.281990056779 0.279310681701 0.185904610189 0 0.205846338382 0.312399246325 0.331788298592 0.312558673652 0.311871632318 0.320800750617 0.315463475266 0.316017215075 0.320548719871 0.319344389343 0.337325443376 0.301822376843 0.297590655754 0.288847580049 0.288392353506 0.297833547554 0.318861563373 0.283760535994 0.252894242499 0.243462635959 0.237042290180 0.334081472091
 0.358011412888 0.362255747845 0.361210756469 0.350731533961 0.372217019302 0.341345678860 0.333698604091 0.307495175430 0.316207878674 0.313166546191 0.228207126945 0.205846338382 0 0.349429419015 0.370348100683 0.349758309751 0.348249454030 0.356553670567 0.352280295580 0.352806884073 0.358209162642 0.355243503260 0.374939196924 0.339355742164 0.333638426622 0.323960919881 0.324843489840 0.334841372051 0.356313539982 0.320293621929 0.289066032660 0.278681725375 0.272445247374 0.371540728840
 0.199800033100 0.202593713165 0.337545617483 0.327618497322 0.348050705682 0.313939171870 0.307242991371 0.281694294025 0.290909039128 0.286880525416 0.333004523832 0.312399246325 0.349429419015 0 0.209085430207 0.184907075625 0.187902563979 0.190959810805 0.186982590378 0.194032003374 0.195418849441 0.196194212493 0.216455592087 0.235796139637 0.246953471622 0.290160857602 0.287689483258 0.241083371492 0.261945964101 0.288949718087 0.334604480272 0.322716976859 0.311011589704 0.225592397184
 0.228697383723 0.233480492827 0.358217195281 0.348134038782 0.368506031063 0.333062058351 0.327495661131 0.301320009155 0.310121878070 0.307908038116 0.352911120821 0.331788298592 0.370348100683 0.209085430207 0 0.198420252341 0.178665554498 0.221090852403 0.204417909761 0.223155550202 0.222473326761 0.226488742334 0.245221083157 0.256211465098 0.269466144456 0.309666376885 0.308227901804 0.262675361416 0.280312223673 0.305544414360 0.354196033507 0.342939846266 0.331144076512 0.231754821985
 0.203566601649 0.205449514363 0.338393744079 0.328929720243 0.347242382862 0.312320461453 0.306709184878 0.281930960362 0.290293104149 0.285207931189 0.331925454416 0.312558673652 0.349758309751 0.184907075625 0.198420252341 0 0.169607115578 0.192760695632 0.174029462291 0.195635021246 0.196785397291 0.201553784591 0.218830291803 0.232574315352 0.245804770222 0.288896536484 0.286621019248 0.240349448181 0.260710946927 0.285647650043 0.333411023197 0.323067132447 0.310910315514 0.214124001630
 0.203314905872 0.205115753908 0.338079671267 0.327692298433 0.347799700860 0.311906695358 0.304719488972 0.281114663422 0.291295343539 0.287600966554 0.331442526174 0.311871632318 0.348249454030 0.187902563979 0.178665554498 0.169607115578 0 0.197692676699 0.171032922511 0.198187817857 0.200500455430 0.201492116074 0.220789095985 0.234146263184 0.246652257476 0.288890992500 0.287187303453 0.239328751309 0.261787796180 0.286555804373 0.332224187936 0.322517500752 0.311164396252 0.212360861978
 0.207987709972 0.210974115708 0.346855103737 0.337182518052 0.355050408578 0.320175711425 0.314839167243 0.289338076281 0.297838379453 0.294727381187 0.341538948858 0.320800750617 0.356553670567 0.190959810805 0.221090852403 0.192760695632 0.197692676699 0 0.199753279334 0.202053861045 0.201771142001 0.206947498101 0.224393808738 0.244619414780 0.256072379763 0.297751756707 0.295353066033 0.247857094053 0.268942455329 0.293503672105 0.342046790210 0.330314651344 0.319322896393 0.233449278513
 0.202247589131 0.209879278510 0.341726624717 0.332257376950 0.350418444493 0.316663774770 0.307839573600 0.283046572235 0.294259213512 0.289179263433 0.334096103455 0.315463475266 0.352280295580 0.186982590378 0.204417909761 0.174029462291 0.171032922511 0.199753279334 0 0.199152853673 0.199298314715 0.203804073659 0.220648946314 0.238472047864 0.250571156247 0.292388557728 0.290268480620 0.242130187876 0.262038290939 0.289711971892 0.335958556630 0.325433602708 0.312926229945 0.219813732726
 0.194751477170 0.197548184393 0.341394808173 0.331022975615 0.350676357464 0.315410523827 0.310293047268 0.283425230711 0.290991354334 0.290084884420 0.338334100863 0.316017215075 0.352806884073 0.194032003374 0.223155550202 0.195635021246 0.198187817857 0.202053861045 0.199152853673 0 0.194604748881 0.192847900171 0.213616182126 0.236245920493 0.250104786042 0.291167019075 0.288770101042 0.245660303126 0.264218201187 0.289279292121 0.336551870613 0.322950563638 0.315491400440 0.234153935571
 0.199963553267 0.202206423250 0.345413866713 0.335203559854 0.354319151062 0.320147306630 0.311502249276 0.288266250685 0.298376365799 0.295060369811 0.339603763458 0.320548719871 0.358209162642 0.195418849441 0.222473326761 0.196785397291 0.200500455430 0.201771142001 0.199298314715 0.194604748881 0 0.198369132405 0.214124949126 0.244169779695 0.256318622053 0.297225431349 0.296369861662 0.249017547681 0.268469276108 0.294431751460 0.341975754165 0.329215288474 0.317676081499 0.236254156614
 0.200008900808 0.196454644044 0.344335930208 0.333289380755 0.353168375739 0.319827110370 0.312378572912 0.288251849610 0.297059820775 0.293602737234 0.339212672461 0.319344389343 0.355243503260 0.196194212493 0.226488742334 0.201553784591 0.201492116074 0.206947498101 0.203804073659 0.192847900171 0.198369132405 0 0.211852896084 0.239971568790 0.255116796806 0.295780807425 0.293939514546 0.248701742502 0.267235041471 0.292776062484 0.339479594218 0.327106484832 0.317100490635 0.238695499061
 0.220123220885 0.204826140881 0.360948111047 0.352611878196 0.370770620854 0.336836646862 0.328068790880 0.304366268599 0.313713640885 0.312598323204 0.357217543678 0.337325443376 0.374939196924 0.216455592087 0.245221083157 0.218830291803 0.220789095985 0.224393808738 0.220648946314 0.213616182126 0.214124949126 0.211852896084 0 0.261572492092 0.270275052472 0.314625650744 0.312326811392 0.266291040844 0.286831063319 0.311185117852 0.357399663844 0.346054838157 0.334736082496 0.254727792459
 0.240343432949 0.246625897843 0.328007968195 0.316452354093 0.336768314413 0.302945926915 0.295602988244 0.270327079465 0.279485489438 0.277128256151 0.322361859853 0.301822376843 0.339355742164 0.235796139637 0.256211465098 0.232574315352 0.234146263184 0.244619414780 0.238472047864 0.236245920493 0.244169779695 0.239971568790 0.261572492092 0 0.242086503302 0.279024934198 0.277360823425 0.235995095000 0.256201841223 0.275130190827 0.321772555058 0.309782641407 0.301475253272 0.256629082152
 0.255891105993 0.259176247145 0.322945724212 0.314920371926 0.332945779387 0.295904426026 0.289758603008 0.265749093367 0.276971045379 0.271664460958 0.318517713404 0.297590655754 0.333638426622 0.246953471622 0.269466144456 0.245804770222 0.246652257476 0.256072379763 0.250571156247 0.250104786042 0.256318622053 0.255116796806 0.270275052472 0.242086503302 0 0.273454364323 0.273494155639 0.239122862285 0.255353669262 0.269063307493 0.317966369003 0.306663485512 0.296101774521 0.271642485897
 0.297764182075 0.301050788491 0.307604170021 0.299679957737 0.318418743840 0.283959358505 0.278247412777 0.253076215856 0.262384399964 0.260465145462 0.306738936597 0.288847580049 0.323960919881 0.290160857602 0.309666376885 0.288896536484 0.288890992500 0.297751756707 0.292388557728 0.291167019075 0.297225431349 0.295780807425 0.314625650744 0.279024934198 0.273454364323 0 0.255169568138 0.277446405234 0.293943755738 0.257567588326 0.309488218387 0.294701407691 0.286511305446 0.311296205594
 0.295800294755 0.299411879438 0.309794142794 0.300089650075 0.318918566779 0.282998459273 0.279030554451 0.253440524751 0.263460673825 0.260201082744 0.308729688929 0.288392353506 0.324843489840 0.287689483258 0.308227901804 0.286621019248 0.287187303453 0.295353066033 0.290268480620 0.288770101042 0.296369861662 0.293939514546 0.312326811392 0.277360823425 0.273494155639 0.255169568138 0 0.275259482359 0.292192392097 0.254232625646 0.306620964225 0.295596491835 0.286084951292 0.309096127503
 0.250196211556 0.254033116925 0.324458897264 0.316380824670 0.335221833862 0.298645460884 0.292167075746 0.267582420600 0.276754284141 0.273711861672 0.318202972163 0.297833547554 0.334841372051 0.241083371492 0.262675361416 0.240349448181 0.239328751309 0.247857094053 0.242130187876 0.245660303126 0.249017547681 0.248701742502 0.266291040844 0.235995095000 0.239122862285 0.277446405234 0.275259482359 0 0.251508768316 0.272993853372 0.320805717421 0.308653325822 0.297425302639 0.265075665562
 0.267988501290 0.270730597474 0.343553155197 0.333592479187 0.353290555558 0.275970685403 0.311749631615 0.285352830106 0.294781466796 0.293094756353 0.338234559706 0.318861563373 0.356313539982 0.261945964101 0.280312223673 0.260710946927 0.261787796180 0.268942455329 0.262038290939 0.264218201187 0.268469276108 0.267235041471 0.286831063319 0.256201841223 0.255353669262 0.293943755738 0.292192392097 0.251508768316 0 0.292081809993 0.338355377410 0.326109949568 0.317701874742 0.283181960716
 0.294496780510 0.297449386393 0.305322844393 0.295694603520 0.315011576834 0.281373297736 0.274910713306 0.249972714595 0.260031569010 0.256418636418 0.303596538160 0.283760535994 0.320293621929 0.288949718087 0.305544414360 0.285647650043 0.286555804373 0.293503672105 0.289711971892 0.289279292121 0.294431751460 0.292776062484 0.311185117852 0.275130190827 0.269063307493 0.257567588326 0.254232625646 0.272993853372 0.292081809993 0 0.304581504784 0.291356222514 0.281859467717 0.307722379035
 0.340287897007 0.344233384528 0.344566517545 0.336014588942 0.354827773002 0.327666824328 0.318642034356 0.292927878733 0.302987122170 0.299596883211 0.273366217039 0.252894242499 0.289066032660 0.334604480272 0.354196033507 0.333411023197 0.332224187936 0.342046790210 0.335958556630 0.336551870613 0.341975754165 0.339479594218 0.357399663844 0.321772555058 0.317966369003 0.309488218387 0.306620964225 0.320805717421 0.338355377410 0.304581504784 0 0.247377698065 0.243867971594 0.354190745185
 0.327598101475 0.331230603877 0.333935370696 0.323247240532 0.343217831963 0.312877956629 0.306465399903 0.280294508944 0.290889254324 0.287844518271 0.262614590174 0.243462635959 0.278681725375 0.322716976859 0.342939846266 0.323067132447 0.322517500752 0.330314651344 0.325433602708 0.322950563638 0.329215288474 0.327106484832 0.346054838157 0.309782641407 0.306663485512 0.294701407691 0.295596491835 0.308653325822 0.326109949568 0.291356222514 0.247377698065 0 0.231986734397 0.342059676973
 0.318301720027 0.321499205736 0.321513067699 0.313248254735 0.331562194851 0.303380137294 0.295457884469 0.270389145128 0.279606115826 0.276009300970 0.257418624354 0.237042290180 0.272445247374 0.311011589704 0.331144076512 0.310910315514 0.311164396252 0.319322896393 0.312926229945 0.315491400440 0.317676081499 0.317100490635 0.334736082496 0.301475253272 0.296101774521 0.286511305446 0.286084951292 0.297425302639 0.317701874742 0.281859467717 0.243867971594 0.231986734397 0 0.333056064737
 0.236358441828 0.242649248612 0.360556901266 0.351140323680 0.368926675109 0.335425898338 0.327668498181 0.303957072878 0.313391941947 0.309498876518 0.353072408811 0.334081472091 0.371540728840 0.225592397184 0.231754821985 0.214124001630 0.212360861978 0.233449278513 0.219813732726 0.234153935571 0.236254156614 0.238695499061 0.254727792459 0.256629082152 0.271642485897 0.311296205594 0.309096127503 0.265075665562 0.283181960716 0.307722379035 0.354190745185 0.342059676973 0.333056064737 0
