 0 0.336399315986 0.316022292374 0.313156424180 0.314160710388 0.306002088842 0.312620186268 0.314825076737 0.314535397824 0.313823187782 0.312406733835 0.313601746797 0.310437941617 0.314162108892 0.313379161461 0.313843311575 0.309887169995 0.312759715052 0.312587538054 0.312259025296 0.315470495768 0.316209560446 0.315645423984 0.318368540863 0.316057010273 0.317066574042 0.316835738373 0.304969014796 0.304202623219 0.304975958333 0.307258232516 0.269868720980 0.272552021955 0.275233267296 0.284169552756 0.272303118402 0.272908378748 0.334272619509 0.305097589587 0.271937734212 0.271693787173 0.274277895612 0.285357522007 0.282853672814 0.280197396471 0.281222547391 0.271462687935 0.270244694956 0.273459399890 0.281222320743 0.272979942896 0.271659661871 0.284853579466 0.272866026084 0.272865842040 0.272557633312 0.273187641619 0.268697425641 0.272311968173 0.286442067863 0.283753273621
 0.336399315986 0 0.279900674027 0.313669862461 0.315501739916 0.306591103261 0.311250811377 0.316266515159 0.314892659315 0.309922712828 0.312138886450 0.313859482651 0.312597275927 0.313577418718 0.313490924235 0.288715893721 0.285240011768 0.289519598006 0.287628161563 0.287055217987 0.278149986157 0.279169888802 0.277887693227 0.281862074445 0.280121037103 0.278673497379 0.278049068909 0.306303931637 0.304986208251 0.305938676157 0.307541409934 0.331081233002 0.331307185772 0.334235457645 0.323675955072 0.336885092270 0.332781269379 0.380533803687 0.305445019176 0.327886706073 0.329143253593 0.330084445558 0.323194107684 0.323317975555 0.323400772267 0.322417398666 0.329755326803 0.331771679264 0.333565586156 0.319380283982 0.330919909831 0.327624530924 0.322269353328 0.335727902567 0.329174747402 0.345990168894 0.346664766243 0.341860505929 0.344680552847 0.323605412332 0.323653443395
 0.316022292374 0.279900674027 0 0.294885980481 0.297671550072 0.289125237112 0.293493044281 0.297638903925 0.295568296988 0.290152628451 0.292785040992 0.295266135053 0.292982802545 0.293941923536 0.294445943156 0.269303523261 0.266773868085 0.269898144119 0.270648993648 0.268851292265 0.252883043253 0.237648007852 0.254301776665 0.258380954905 0.259163066642 0.259115681133 0.258990315094 0.283018046735 0.282927448275 0.282667123923 0.284160506397 0.310009089733 0.310957716634 0.312926169771 0.302320588411 0.315686859239 0.312373016817 0.359554855036 0.282868103282 0.306754200361 0.308123060488 0.308840817658 0.301418492414 0.301373073231 0.301637069805 0.300464331678 0.307967385929 0.310823768989 0.312287235855 0.297548436092 0.310115418993 0.306753036307 0.301236900866 0.314565106011 0.309240909506 0.324282949702 0.326133735153 0.321062056132 0.323661525641 0.303448918610 0.301784661983
 0.313156424180 0.313669862461 0.294885980481 0 0.263895439990 0.252113847021 0.262919266554 0.263946321265 0.261692563809 0.269646836028 0.252110366858 0.261955145052 0.258306583704 0.261702600245 0.261325994578 0.287359680238 0.284506255294 0.288396918650 0.288151412560 0.287724406824 0.294383134970 0.295290135635 0.293704156867 0.297986810580 0.295331428717 0.294646780004 0.294288072994 0.293784900448 0.292883526377 0.292289542983 0.294082329754 0.302593920044 0.305583117369 0.306632875099 0.293484435880 0.310590671395 0.305595819736 0.290967641534 0.293613726832 0.302555775169 0.304361002722 0.304768118480 0.294921963469 0.292903283093 0.292363553197 0.293153242133 0.304531656045 0.305923403284 0.307886946795 0.289526227221 0.305556980235 0.301142342892 0.294418987116 0.309215174809 0.304057930182 0.324911578039 0.324065419518 0.321278842960 0.323984150656 0.292522504229 0.293652951462
 0.314160710388 0.315501739916 0.297671550072 0.263895439990 0 0.257251984274 0.264522310806 0.264291926072 0.265442373241 0.269847529626 0.262805958288 0.264669445294 0.259209442745 0.238246099889 0.267287501407 0.290581478270 0.288243923437 0.289032854033 0.290195504523 0.291741965131 0.297542987976 0.297646137953 0.297603668743 0.300700131464 0.299111773201 0.297809902315 0.297845067457 0.295350417000 0.294769296319 0.293725733750 0.296409070235 0.303552089700 0.305994663846 0.306979157654 0.294457875464 0.311450899533 0.307761945641 0.290322475917 0.294117434378 0.303712529312 0.304156143777 0.305622973548 0.296142094423 0.294821793358 0.293619329675 0.293713512056 0.304734013060 0.306192257767 0.307390389365 0.291325718047 0.306495171825 0.301858910910 0.295392873181 0.308968247144 0.305088333245 0.326406429873 0.325414787215 0.322201551654 0.324559128519 0.294294132670 0.293019851735
 0.306002088842 0.306591103261 0.289125237112 0.252113847021 0.257251984274 0 0.255317658831 0.259439318414 0.255592327812 0.263561547658 0.254266731024 0.250098613179 0.248856203985 0.253476012806 0.256023042220 0.281863873409 0.276294241331 0.281374377474 0.282128674119 0.281634834271 0.287887310755 0.288875208421 0.287678052665 0.290753708335 0.288711835892 0.288574224916 0.287750484970 0.286545303263 0.285947658068 0.285798658252 0.287420482578 0.295890256088 0.298857006437 0.299928864706 0.286614610025 0.303692323857 0.299318638132 0.283651802886 0.287266821573 0.295698035071 0.296893690026 0.297923586933 0.287847045434 0.284922882613 0.285763196154 0.285805143847 0.296561388482 0.299483702138 0.300252769462 0.282470891081 0.298011775349 0.294620397026 0.288524449853 0.301685114507 0.297489694190 0.318390456618 0.319031548906 0.314761267576 0.316580109300 0.286192327824 0.285998266117
 0.312620186268 0.311250811377 0.293493044281 0.262919266554 0.264522310806 0.255317658831 0 0.264118142457 0.260634015420 0.260571961637 0.262299883021 0.260173237988 0.255284657360 0.264460922581 0.261201933119 0.287790820451 0.282292714042 0.285721822999 0.287151856365 0.285055484015 0.292953101570 0.293553722091 0.293172296941 0.295345747567 0.294588680035 0.293877926196 0.292889349207 0.292096590407 0.291984720330 0.291831667071 0.292403479062 0.303466721341 0.304224686664 0.305885413120 0.293245294424 0.310141914156 0.305042723887 0.291255599233 0.293403275295 0.302143797979 0.302542858837 0.303982495797 0.294769341265 0.292576050128 0.291790298384 0.293061724356 0.304444686066 0.303907621844 0.305798822277 0.290547689432 0.304910829600 0.301808554257 0.293073388876 0.307644226706 0.302700673846 0.323574256472 0.323373701930 0.320207419942 0.323741144380 0.292630409029 0.292194250207
 0.314825076737 0.316266515159 0.297638903925 0.263946321265 0.264291926072 0.259439318414 0.264118142457 0 0.269931511521 0.263647591310 0.268447654011 0.264365553664 0.260069625831 0.267821440813 0.261521122259 0.290313415466 0.286571947335 0.289255357743 0.290554676881 0.290531793235 0.297137812400 0.298028026217 0.297356834270 0.299459518820 0.297653883109 0.297806733147 0.297392574477 0.295503394679 0.296495199767 0.294968118418 0.296769134305 0.305414684093 0.307130815791 0.308491236852 0.295266793718 0.312749690709 0.307754212293 0.292027898437 0.296516706899 0.305114501953 0.304811233006 0.307005799027 0.297708823804 0.296847464773 0.295365157868 0.296078811180 0.305480158221 0.307855552271 0.309307828045 0.292396949222 0.307434835994 0.305352917901 0.296606212133 0.311393491302 0.304657644764 0.326314779271 0.326413338508 0.322167431305 0.325592588832 0.297577594311 0.294652207411
 0.314535397824 0.314892659315 0.295568296988 0.261692563809 0.265442373241 0.255592327812 0.260634015420 0.269931511521 0 0.263618004019 0.271715720427 0.264124204269 0.261661522475 0.265425893756 0.269174667927 0.290286868939 0.287475313002 0.288761680475 0.289202441128 0.289733240562 0.295294158479 0.296733790908 0.295863615415 0.297712859303 0.296233755465 0.294855172411 0.295555229772 0.296004489087 0.295435461009 0.294717101383 0.296712483386 0.304465990243 0.307319204280 0.308332184910 0.295510843295 0.312376522562 0.307990451438 0.294275543566 0.295593077888 0.304386489875 0.303421787317 0.305746317917 0.296001003969 0.294898630875 0.294777917473 0.295973151205 0.306253831562 0.306533389060 0.307128019070 0.292577469526 0.306707410382 0.302988977512 0.295665683757 0.310711464208 0.305375229382 0.325323717283 0.325520534619 0.321641069620 0.324621920467 0.296112835986 0.294642642200
 0.313823187782 0.309922712828 0.290152628451 0.269646836028 0.269847529626 0.263561547658 0.260571961637 0.263647591310 0.263618004019 0 0.265255632753 0.264524824035 0.261052424335 0.270989097002 0.262892574160 0.283846233075 0.281685972756 0.284227221355 0.285337657907 0.286274826384 0.288545979731 0.290192684288 0.290134304130 0.291910081012 0.290818387691 0.288256984963 0.289660732838 0.291866471615 0.292100031325 0.290894294937 0.291899407409 0.303679218871 0.305394611030 0.307242544601 0.294975665086 0.311594565809 0.306170594531 0.298089716335 0.292834484515 0.303368624839 0.303271681880 0.305718020766 0.295000653977 0.292863218828 0.293228689362 0.294635252911 0.304514596691 0.305709545272 0.308737570750 0.291059981003 0.306261207226 0.301932144062 0.294502523801 0.308873093527 0.304237058140 0.323771025819 0.325036740007 0.320922834613 0.323299798862 0.295367582218 0.293705547066
 0.312406733835 0.312138886450 0.292785040992 0.252110366858 0.262805958288 0.254266731024 0.262299883021 0.268447654011 0.271715720427 0.265255632753 0 0.263189448800 0.258634112603 0.262367335167 0.262327562646 0.286645978151 0.284030121219 0.285653055758 0.285759240047 0.285761372340 0.293086692836 0.292395336574 0.292157704476 0.295973808840 0.292858622605 0.292815893628 0.292714645905 0.292261708034 0.290978380760 0.290889133654 0.292671150086 0.301314750539 0.304689057629 0.305521660203 0.293208621228 0.309670356052 0.305058932069 0.290631186606 0.290115063516 0.301896549772 0.302555996371 0.303980530335 0.292567139705 0.292712560524 0.292188527558 0.291763312915 0.303432054083 0.304725486029 0.305832348150 0.289918721345 0.303709177626 0.300300622854 0.293998745564 0.308275152385 0.302956324007 0.323216306880 0.323835985816 0.319473982732 0.320911900191 0.292803527306 0.292686891884
 0.313601746797 0.313859482651 0.295266135053 0.261955145052 0.264669445294 0.250098613179 0.260173237988 0.264365553664 0.264124204269 0.264524824035 0.263189448800 0 0.256121918378 0.256286759418 0.266537916809 0.289085583041 0.284936110484 0.288537045962 0.286973902950 0.287939665934 0.294134266941 0.295544711004 0.294238080500 0.297539465283 0.294594219764 0.295413375301 0.294135945659 0.293701700230 0.293991559527 0.292570594624 0.294159733793 0.303452979300 0.305984361413 0.306203722285 0.295192306403 0.311271269023 0.306655584581 0.292051263274 0.294078923000 0.304241754435 0.304264848659 0.304564408773 0.295715250664 0.295270105248 0.293595643803 0.293925551494 0.304182941399 0.306156908186 0.307079120251 0.291155070976 0.306124051372 0.303310790168 0.293447446963 0.309997546389 0.304247130551 0.324246012876 0.324396600904 0.321755005152 0.324096395240 0.295642207953 0.292842617062
 0.310437941617 0.312597275927 0.292982802545 0.258306583704 0.259209442745 0.248856203985 0.255284657360 0.260069625831 0.261661522475 0.261052424335 0.258634112603 0.256121918378 0 0.257380268890 0.258161605115 0.285341925502 0.282183593412 0.284542960416 0.286345713953 0.286713303980 0.292807877031 0.294185769932 0.292269018480 0.294969815368 0.292934609312 0.293161630673 0.293630034850 0.291992630579 0.291442924035 0.290793311323 0.292506725831 0.300152662504 0.302299998336 0.302739501743 0.290909844892 0.308793241323 0.302557722734 0.285937012976 0.292366387329 0.300639811695 0.300326338698 0.301657039144 0.291811000032 0.290531591078 0.290389056820 0.290025644690 0.301024836568 0.302800827568 0.304414301078 0.287172967561 0.301783630442 0.298413074289 0.292286496845 0.305611417271 0.300577613855 0.322304346580 0.322468630474 0.318387877536 0.321256468034 0.289815325219 0.290378378098
 0.314162108892 0.313577418718 0.293941923536 0.261702600245 0.238246099889 0.253476012806 0.264460922581 0.267821440813 0.265425893756 0.270989097002 0.262367335167 0.256286759418 0.257380268890 0 0.260625605864 0.286851885030 0.283429201730 0.285089943555 0.287882803618 0.287373173058 0.294047369626 0.296167561989 0.293950666190 0.296397045292 0.295739728400 0.295126747181 0.294550772398 0.294454702886 0.292963157891 0.292166636930 0.294015327620 0.302316492642 0.306580394042 0.306162849204 0.292781047083 0.310449227550 0.306853538461 0.290728989409 0.293445102140 0.303026001766 0.303937959994 0.304609742540 0.295674813562 0.294381927707 0.294074458105 0.293977434336 0.304392679902 0.305891155228 0.307357032706 0.290206233051 0.305193068977 0.301587996920 0.293993584400 0.309186854062 0.304342152712 0.325245932332 0.325717704153 0.322201272042 0.324877102809 0.294283101417 0.291949421546
 0.313379161461 0.313490924235 0.294445943156 0.261325994578 0.267287501407 0.256023042220 0.261201933119 0.261521122259 0.269174667927 0.262892574160 0.262327562646 0.266537916809 0.258161605115 0.260625605864 0 0.285465896278 0.283198965548 0.285810236634 0.287190228582 0.288266935665 0.293169479217 0.294463624133 0.293272662862 0.295641368502 0.294883752035 0.293726235632 0.293281266716 0.292636176669 0.292688099825 0.292387538223 0.292770177461 0.301935033241 0.305470096923 0.306174687560 0.293196446261 0.311944756145 0.305905150844 0.293481406233 0.294723801977 0.303014836470 0.302369799087 0.304587631164 0.294644549205 0.293123461367 0.294375926245 0.293174179193 0.303503941853 0.304480024252 0.306386969426 0.290162463763 0.305351308970 0.300293599737 0.294258835692 0.308548227130 0.304274651653 0.323530394443 0.325179839334 0.320238013381 0.322727985434 0.293359956036 0.293188144342
 0.313843311575 0.288715893721 0.269303523261 0.287359680238 0.290581478270 0.281863873409 0.287790820451 0.290313415466 0.290286868939 0.283846233075 0.286645978151 0.289085583041 0.285341925502 0.286851885030 0.285465896278 0 0.259419904884 0.261577777639 0.263040395740 0.264316921773 0.268922282582 0.270974280056 0.269647487786 0.272295775444 0.271033674074 0.269175988589 0.270501367705 0.279706999366 0.277950622409 0.279480945013 0.278942391209 0.306291684388 0.306736277286 0.309235516571 0.296808172650 0.312456433789 0.308129715740 0.345513607046 0.279601212794 0.303664092203 0.304229806013 0.306647356951 0.297341865752 0.296383661727 0.297621128972 0.296728027453 0.304216483921 0.307836344735 0.309328188058 0.293814523080 0.306786203210 0.303488946410 0.296769866927 0.310602338867 0.306132943508 0.323082960343 0.322412431155 0.319316063843 0.322761495394 0.298003722976 0.296774533279
 0.309887169995 0.285240011768 0.266773868085 0.284506255294 0.288243923437 0.276294241331 0.282292714042 0.286571947335 0.287475313002 0.281685972756 0.284030121219 0.284936110484 0.282183593412 0.283429201730 0.283198965548 0.259419904884 0 0.258434193069 0.260449255868 0.255716032702 0.265410949933 0.266193574705 0.267104807538 0.268669849375 0.266773177071 0.266043741356 0.267604345010 0.275920954718 0.275351442529 0.277023985116 0.277366373269 0.302501538401 0.304955280153 0.305623680735 0.292646544498 0.309438573010 0.304686260172 0.342451251231 0.276390013473 0.299258753316 0.301004488878 0.302387185834 0.293767730771 0.292588995461 0.293560755675 0.292737871157 0.302130008310 0.304582014688 0.305843625619 0.290155707110 0.302358334314 0.300085680690 0.292913661946 0.307523954545 0.302061153683 0.319644719231 0.319977518845 0.314909296550 0.317888344982 0.294684063845 0.293926956252
 0.312759715052 0.289519598006 0.269898144119 0.288396918650 0.289032854033 0.281374377474 0.285721822999 0.289255357743 0.288761680475 0.284227221355 0.285653055758 0.288537045962 0.284542960416 0.285089943555 0.285810236634 0.261577777639 0.258434193069 0 0.263795517118 0.262029350397 0.267940286594 0.270395398242 0.269621299604 0.271832961393 0.269666783920 0.268698455451 0.269003403733 0.280124268723 0.277428600503 0.279617354409 0.278348677787 0.304613691635 0.306111166562 0.307561743580 0.296295245491 0.312689715970 0.307296237609 0.344011598107 0.278278936941 0.302720590250 0.303574859769 0.305415090406 0.297565796263 0.296629856414 0.296330771216 0.294155705199 0.303728991948 0.306578558763 0.308585994668 0.293087742695 0.305553045582 0.302340909250 0.294937311121 0.310430946233 0.304388780771 0.321424623184 0.323188653184 0.318149445938 0.320949174350 0.297369528072 0.296280913000
 0.312587538054 0.287628161563 0.270648993648 0.288151412560 0.290195504523 0.282128674119 0.287151856365 0.290554676881 0.289202441128 0.285337657907 0.285759240047 0.286973902950 0.286345713953 0.287882803618 0.287190228582 0.263040395740 0.260449255868 0.263795517118 0 0.264577625699 0.268876816279 0.269990002476 0.270739848867 0.272449390836 0.270158836420 0.270383783680 0.269382986515 0.278810098427 0.278818345310 0.277884484104 0.280140676556 0.305296091641 0.306843890296 0.309488552963 0.296942865630 0.312053071572 0.307412053675 0.347239915690 0.277573908366 0.303139295637 0.304490442277 0.305579754089 0.297866630970 0.296144566541 0.296817289022 0.295729331361 0.304379816415 0.307587594840 0.308968135503 0.294973280927 0.306874205499 0.302735161814 0.297475778993 0.310752297674 0.304945683256 0.322344780199 0.322787245174 0.318574310351 0.321496728153 0.298250262071 0.296844623990
 0.312259025296 0.287055217987 0.268851292265 0.287724406824 0.291741965131 0.281634834271 0.285055484015 0.290531793235 0.289733240562 0.286274826384 0.285761372340 0.287939665934 0.286713303980 0.287373173058 0.288266935665 0.264316921773 0.255716032702 0.262029350397 0.264577625699 0 0.268540187297 0.270178478202 0.269828662332 0.272774623961 0.270976088294 0.269444090469 0.269307180932 0.280090043686 0.278907004724 0.279218122721 0.278856181868 0.305229272201 0.306731383295 0.308286719959 0.295401226217 0.311790491227 0.307292325451 0.345309011006 0.278749526445 0.302124641064 0.303535230317 0.305861899670 0.295728259341 0.296836572453 0.296270981750 0.295934321163 0.304694064505 0.307614731556 0.308700735625 0.292858815072 0.305410162122 0.302609186078 0.296197273388 0.310852128742 0.304985818984 0.320971837412 0.322785008642 0.317973721554 0.321537758228 0.297301025529 0.296031484469
 0.315470495768 0.278149986157 0.252883043253 0.294383134970 0.297542987976 0.287887310755 0.292953101570 0.297137812400 0.295294158479 0.288545979731 0.293086692836 0.294134266941 0.292807877031 0.294047369626 0.293169479217 0.268922282582 0.265410949933 0.267940286594 0.268876816279 0.268540187297 0 0.250022388549 0.249908871217 0.262385425378 0.260365271858 0.258728508263 0.256273238790 0.283643937344 0.282871936150 0.283575362643 0.283974855719 0.309396026508 0.311978904405 0.313562420858 0.301623225424 0.316848244862 0.311550277774 0.359339651206 0.282338413620 0.307586658782 0.307982524184 0.309415406664 0.301799801402 0.301244329561 0.302194028153 0.300256246337 0.308062939012 0.311292134172 0.313488769143 0.298352762370 0.309500502277 0.306859714867 0.301624056655 0.314434546769 0.308936320877 0.324997440200 0.325016829280 0.321464410670 0.324320742094 0.303177638371 0.302409748070
 0.316209560446 0.279169888802 0.237648007852 0.295290135635 0.297646137953 0.288875208421 0.293553722091 0.298028026217 0.296733790908 0.290192684288 0.292395336574 0.295544711004 0.294185769932 0.296167561989 0.294463624133 0.270974280056 0.266193574705 0.270395398242 0.269990002476 0.270178478202 0.250022388549 0 0.260318707384 0.263050884402 0.251224080761 0.261990421927 0.258891375620 0.284416898478 0.283472169773 0.283907264936 0.285561249949 0.310223606712 0.311583618511 0.314009385414 0.302484336861 0.317443689532 0.313319821622 0.359341721586 0.284134253529 0.308269977469 0.308791069640 0.310003674720 0.304441732767 0.301898114704 0.303310107298 0.301500908865 0.309705501272 0.312770291400 0.314092846783 0.299329845973 0.310728671719 0.307298678434 0.302123513527 0.315603210868 0.310634017928 0.325914848649 0.327025167981 0.322284004111 0.325133273359 0.304656406741 0.303438574713
 0.315645423984 0.277887693227 0.254301776665 0.293704156867 0.297603668743 0.287678052665 0.293172296941 0.297356834270 0.295863615415 0.290134304130 0.292157704476 0.294238080500 0.292269018480 0.293950666190 0.293272662862 0.269647487786 0.267104807538 0.269621299604 0.270739848867 0.269828662332 0.249908871217 0.260318707384 0 0.254632555614 0.258200151082 0.252482060297 0.258280952398 0.283719099227 0.282610319595 0.282762430946 0.284785142208 0.310195767241 0.312232931014 0.313686111486 0.302111074184 0.316434644195 0.312098932462 0.360151044619 0.283609492744 0.307168915783 0.308958657499 0.310346056859 0.303094246160 0.302621485078 0.302486343419 0.300087314765 0.309201518270 0.311955325711 0.313158818891 0.298361266749 0.310969117428 0.307003062137 0.300661876775 0.314666501775 0.310539651945 0.324974468993 0.326166540458 0.322350410060 0.324599327286 0.303401826413 0.302558905938
 0.318368540863 0.281862074445 0.258380954905 0.297986810580 0.300700131464 0.290753708335 0.295345747567 0.299459518820 0.297712859303 0.291910081012 0.295973808840 0.297539465283 0.294969815368 0.296397045292 0.295641368502 0.272295775444 0.268669849375 0.271832961393 0.272449390836 0.272774623961 0.262385425378 0.263050884402 0.254632555614 0 0.257078675997 0.258470373748 0.253259848890 0.286382521886 0.286083689506 0.286091902671 0.287543350428 0.312458457308 0.314946531192 0.316263835516 0.304724886303 0.319548939289 0.315454946531 0.362450199375 0.286069432775 0.310926728010 0.311064835921 0.312582707912 0.305828822823 0.304590644001 0.305475124271 0.303591969275 0.311602113455 0.314041418659 0.316311602074 0.301486637119 0.313439871400 0.309931350829 0.304932321754 0.317793608098 0.311297753933 0.328877431339 0.328962846327 0.325034815192 0.327263488042 0.306641173567 0.305816379460
 0.316057010273 0.280121037103 0.259163066642 0.295331428717 0.299111773201 0.288711835892 0.294588680035 0.297653883109 0.296233755465 0.290818387691 0.292858622605 0.294594219764 0.292934609312 0.295739728400 0.294883752035 0.271033674074 0.266773177071 0.269666783920 0.270158836420 0.270976088294 0.260365271858 0.251224080761 0.258200151082 0.257078675997 0 0.259715150986 0.259170064394 0.284185945845 0.283872125181 0.284176297586 0.285129069680 0.309839472074 0.312543108875 0.313955908638 0.302947393789 0.317141208114 0.312636653715 0.360406615524 0.283284564575 0.308756954468 0.309047419088 0.309871249875 0.303617768010 0.302714382080 0.303365267625 0.300854852768 0.308664587976 0.312493378142 0.313857753043 0.299560162701 0.311432869991 0.307574015340 0.301741944452 0.315483386937 0.309925426798 0.326716624634 0.327434985202 0.321731492303 0.325431270018 0.303711851611 0.303845882556
 0.317066574042 0.278673497379 0.259115681133 0.294646780004 0.297809902315 0.288574224916 0.293877926196 0.297806733147 0.294855172411 0.288256984963 0.292815893628 0.295413375301 0.293161630673 0.295126747181 0.293726235632 0.269175988589 0.266043741356 0.268698455451 0.270383783680 0.269444090469 0.258728508263 0.261990421927 0.252482060297 0.258470373748 0.259715150986 0 0.256294679753 0.284178010307 0.283551231960 0.284952228096 0.284519293749 0.309370990645 0.311905260165 0.314881409756 0.302303551200 0.315846889552 0.312699903206 0.360700245263 0.283262824928 0.308432074995 0.309062272592 0.310098084871 0.302771525514 0.301987395133 0.303165897460 0.301173108526 0.309932641542 0.312324309743 0.313696849878 0.299307102722 0.310822634112 0.307777219774 0.301630586996 0.315645185513 0.309427355322 0.325539768381 0.327272262497 0.321880404907 0.325487560287 0.304657191524 0.303587356000
 0.316835738373 0.278049068909 0.258990315094 0.294288072994 0.297845067457 0.287750484970 0.292889349207 0.297392574477 0.295555229772 0.289660732838 0.292714645905 0.294135945659 0.293630034850 0.294550772398 0.293281266716 0.270501367705 0.267604345010 0.269003403733 0.269382986515 0.269307180932 0.256273238790 0.258891375620 0.258280952398 0.253259848890 0.259170064394 0.256294679753 0 0.282837968748 0.282734694064 0.283491701048 0.282730637331 0.310096754309 0.311587890443 0.313154316708 0.302431691381 0.315674248131 0.312137023812 0.359669289971 0.282550456621 0.306685995569 0.308295923949 0.309457182388 0.303052956802 0.300963520994 0.303327877698 0.300479638904 0.307970283084 0.311496631783 0.313433312044 0.298035419264 0.310330864662 0.306720995193 0.301338245364 0.314671851978 0.309029527245 0.325477174574 0.325886460214 0.322279988909 0.324362231787 0.303116153954 0.302300086919
 0.304969014796 0.306303931637 0.283018046735 0.293784900448 0.295350417000 0.286545303263 0.292096590407 0.295503394679 0.296004489087 0.291866471615 0.292261708034 0.293701700230 0.291992630579 0.294454702886 0.292636176669 0.279706999366 0.275920954718 0.280124268723 0.278810098427 0.280090043686 0.283643937344 0.284416898478 0.283719099227 0.286382521886 0.284185945845 0.284178010307 0.282837968748 0 0.263077330897 0.263922297730 0.258925936929 0.298391676814 0.300420654702 0.301955264932 0.287636714851 0.305015416913 0.300995573981 0.336672140780 0.255999741576 0.295539357565 0.297240032433 0.297872445816 0.288284892290 0.287847842938 0.287089973036 0.286509001158 0.297130663848 0.301627031111 0.303196478117 0.283449096934 0.298846283166 0.296184728295 0.287658145308 0.304125767231 0.297846330950 0.316465053112 0.316630698568 0.312883304510 0.315389901328 0.288512269967 0.286872801930
 0.304202623219 0.304986208251 0.282927448275 0.292883526377 0.294769296319 0.285947658068 0.291984720330 0.296495199767 0.295435461009 0.292100031325 0.290978380760 0.293991559527 0.291442924035 0.292963157891 0.292688099825 0.277950622409 0.275351442529 0.277428600503 0.278818345310 0.278907004724 0.282871936150 0.283472169773 0.282610319595 0.286083689506 0.283872125181 0.283551231960 0.282734694064 0.263077330897 0 0.259418870625 0.262001728014 0.297427684287 0.299004386651 0.300151173159 0.285766961297 0.304302064666 0.300183362890 0.336062440072 0.261922259422 0.294938651920 0.295360546982 0.296987212966 0.286721093444 0.285427655692 0.286005440913 0.285700582458 0.295357057801 0.299426611563 0.300463021731 0.283793601449 0.298457986220 0.294240876405 0.285427840496 0.302493537767 0.296389296944 0.314604406500 0.315471413384 0.311121412488 0.313592073050 0.285954570053 0.286969652059
 0.304975958333 0.305938676157 0.282667123923 0.292289542983 0.293725733750 0.285798658252 0.291831667071 0.294968118418 0.294717101383 0.290894294937 0.290889133654 0.292570594624 0.290793311323 0.292166636930 0.292387538223 0.279480945013 0.277023985116 0.279617354409 0.277884484104 0.279218122721 0.283575362643 0.283907264936 0.282762430946 0.286091902671 0.284176297586 0.284952228096 0.283491701048 0.263922297730 0.259418870625 0 0.262074875865 0.296521833451 0.298627266346 0.300126329489 0.283967785815 0.304459461320 0.299477322676 0.333046618657 0.261812160238 0.294666208420 0.294954257131 0.296463033807 0.286759413813 0.284861082360 0.285359709732 0.285645285705 0.295871429873 0.300445905230 0.300577252846 0.282522771460 0.297162527463 0.294066677755 0.285621031593 0.301719741291 0.296094869400 0.315769977156 0.316183920270 0.311369619260 0.314578732290 0.285749882975 0.285507466606
 0.307258232516 0.307541409934 0.284160506397 0.294082329754 0.296409070235 0.287420482578 0.292403479062 0.296769134305 0.296712483386 0.291899407409 0.292671150086 0.294159733793 0.292506725831 0.294015327620 0.292770177461 0.278942391209 0.277366373269 0.278348677787 0.280140676556 0.278856181868 0.283974855719 0.285561249949 0.284785142208 0.287543350428 0.285129069680 0.284519293749 0.282730637331 0.258925936929 0.262001728014 0.262074875865 0 0.299475504144 0.302041706582 0.303057985336 0.288771067903 0.305878534583 0.302609341089 0.338706331909 0.254183731722 0.297110763979 0.297630445292 0.299001071148 0.287873844346 0.287792730476 0.288481579587 0.288034103613 0.297361071059 0.301493559127 0.302072365575 0.284694024830 0.299753250535 0.296247824462 0.287653917364 0.304255338423 0.298875505979 0.316992858585 0.317904200137 0.313060152337 0.316703245915 0.286949500774 0.288833070863
 0.269868720980 0.331081233002 0.310009089733 0.302593920044 0.303552089700 0.295890256088 0.303466721341 0.305414684093 0.304465990243 0.303679218871 0.301314750539 0.303452979300 0.300152662504 0.302316492642 0.301935033241 0.306291684388 0.302501538401 0.304613691635 0.305296091641 0.305229272201 0.309396026508 0.310223606712 0.310195767241 0.312458457308 0.309839472074 0.309370990645 0.310096754309 0.298391676814 0.297427684287 0.296521833451 0.299475504144 0 0.258826470787 0.262139322569 0.277335319681 0.263026217278 0.259845315897 0.317764833185 0.298422768042 0.267218699834 0.266427666664 0.267161106578 0.277422666934 0.274453818243 0.272321059247 0.273737394226 0.267781214541 0.259666410076 0.261948833434 0.273173361596 0.268083539439 0.265543192755 0.276580254709 0.259477732446 0.266791590672 0.285014874790 0.284060543923 0.280461769985 0.283774920562 0.277456779465 0.274940865690
 0.272552021955 0.331307185772 0.310957716634 0.305583117369 0.305994663846 0.298857006437 0.304224686664 0.307130815791 0.307319204280 0.305394611030 0.304689057629 0.305984361413 0.302299998336 0.306580394042 0.305470096923 0.306736277286 0.304955280153 0.306111166562 0.306843890296 0.306731383295 0.311978904405 0.311583618511 0.312232931014 0.314946531192 0.312543108875 0.311905260165 0.311587890443 0.300420654702 0.299004386651 0.298627266346 0.302041706582 0.258826470787 0 0.260961718688 0.277581863276 0.264738627335 0.236869125310 0.322600767123 0.299877762830 0.268746744343 0.267357582535 0.270641448767 0.278732071456 0.275966320947 0.273543004303 0.273994331531 0.267882775079 0.252873491850 0.263120050316 0.274725138684 0.270616401886 0.269453412004 0.278454744078 0.260326689549 0.268688247752 0.285984009532 0.286353135364 0.281675523302 0.285203877161 0.280295500016 0.277165762935
 0.275233267296 0.334235457645 0.312926169771 0.306632875099 0.306979157654 0.299928864706 0.305885413120 0.308491236852 0.308332184910 0.307242544601 0.305521660203 0.306203722285 0.302739501743 0.306162849204 0.306174687560 0.309235516571 0.305623680735 0.307561743580 0.309488552963 0.308286719959 0.313562420858 0.314009385414 0.313686111486 0.316263835516 0.313955908638 0.314881409756 0.313154316708 0.301955264932 0.300151173159 0.300126329489 0.303057985336 0.262139322569 0.260961718688 0 0.278913819806 0.270377446934 0.261441892783 0.321665071455 0.301507158039 0.269653123481 0.269370235203 0.272709823784 0.279900555475 0.276719356480 0.276808289467 0.275060121375 0.270964221374 0.266551454446 0.265970960919 0.274481590497 0.272088079776 0.270804732267 0.278411653442 0.267386964129 0.270857181891 0.288460470935 0.287337302913 0.284623057063 0.287558081821 0.280237830190 0.278447362599
 0.284169552756 0.323675955072 0.302320588411 0.293484435880 0.294457875464 0.286614610025 0.293245294424 0.295266793718 0.295510843295 0.294975665086 0.293208621228 0.295192306403 0.290909844892 0.292781047083 0.293196446261 0.296808172650 0.292646544498 0.296295245491 0.296942865630 0.295401226217 0.301623225424 0.302484336861 0.302111074184 0.304724886303 0.302947393789 0.302303551200 0.302431691381 0.287636714851 0.285766961297 0.283967785815 0.288771067903 0.277335319681 0.277581863276 0.278913819806 0 0.285260531316 0.278759305784 0.308409308799 0.288027576577 0.276547073050 0.276353102998 0.277162181593 0.265801152219 0.265072502265 0.263473769956 0.266344308088 0.274596122602 0.280405156731 0.279510942639 0.259784464132 0.278066997625 0.274769191958 0.266756201186 0.282102011560 0.277791858285 0.296897401828 0.297068540888 0.293074551305 0.296119179900 0.264051944286 0.264142850711
 0.272303118402 0.336885092270 0.315686859239 0.310590671395 0.311450899533 0.303692323857 0.310141914156 0.312749690709 0.312376522562 0.311594565809 0.309670356052 0.311271269023 0.308793241323 0.310449227550 0.311944756145 0.312456433789 0.309438573010 0.312689715970 0.312053071572 0.311790491227 0.316848244862 0.317443689532 0.316434644195 0.319548939289 0.317141208114 0.315846889552 0.315674248131 0.305015416913 0.304302064666 0.304459461320 0.305878534583 0.263026217278 0.264738627335 0.270377446934 0.285260531316 0 0.262008786291 0.327669470645 0.305442001197 0.269908333532 0.271027001376 0.270857835695 0.283490319622 0.281677919734 0.279742972017 0.279153094405 0.271813175510 0.261465219848 0.266835483301 0.278939133871 0.273134659495 0.270583871319 0.283604421966 0.263974978027 0.272182923787 0.288114674948 0.286544189552 0.282873840582 0.287113016532 0.284938757106 0.282921249627
 0.272908378748 0.332781269379 0.312373016817 0.305595819736 0.307761945641 0.299318638132 0.305042723887 0.307754212293 0.307990451438 0.306170594531 0.305058932069 0.306655584581 0.302557722734 0.306853538461 0.305905150844 0.308129715740 0.304686260172 0.307296237609 0.307412053675 0.307292325451 0.311550277774 0.313319821622 0.312098932462 0.315454946531 0.312636653715 0.312699903206 0.312137023812 0.300995573981 0.300183362890 0.299477322676 0.302609341089 0.259845315897 0.236869125310 0.261441892783 0.278759305784 0.262008786291 0 0.323221504278 0.301009799506 0.267285953206 0.267804801625 0.268856065764 0.278117700064 0.276818641644 0.274860576178 0.275949869647 0.269039436179 0.259465068946 0.262736997105 0.275407164122 0.269829781249 0.268457013990 0.278796473612 0.263199064111 0.268896199711 0.286920830713 0.284944535198 0.280232328733 0.283619950613 0.281665208845 0.277432173557
 0.334272619509 0.380533803687 0.359554855036 0.290967641534 0.290322475917 0.283651802886 0.291255599233 0.292027898437 0.294275543566 0.298089716335 0.290631186606 0.292051263274 0.285937012976 0.290728989409 0.293481406233 0.345513607046 0.342451251231 0.344011598107 0.347239915690 0.345309011006 0.359339651206 0.359341721586 0.360151044619 0.362450199375 0.360406615524 0.360700245263 0.359669289971 0.336672140780 0.336062440072 0.333046618657 0.338706331909 0.317764833185 0.322600767123 0.321665071455 0.308409308799 0.327669470645 0.323221504278 0 0.337845867613 0.322886915863 0.322814439533 0.322858108669 0.310507235335 0.308756150428 0.305371853216 0.309658723035 0.323549327932 0.321670864383 0.323841596274 0.304966241707 0.323840166045 0.320254739833 0.310739532889 0.324973766417 0.321926740549 0.349854253957 0.348285118449 0.345387121602 0.348251337991 0.307396044655 0.306972783947
 0.305097589587 0.305445019176 0.282868103282 0.293613726832 0.294117434378 0.287266821573 0.293403275295 0.296516706899 0.295593077888 0.292834484515 0.290115063516 0.294078923000 0.292366387329 0.293445102140 0.294723801977 0.279601212794 0.276390013473 0.278278936941 0.277573908366 0.278749526445 0.282338413620 0.284134253529 0.283609492744 0.286069432775 0.283284564575 0.283262824928 0.282550456621 0.255999741576 0.261922259422 0.261812160238 0.254183731722 0.298422768042 0.299877762830 0.301507158039 0.288027576577 0.305442001197 0.301009799506 0.337845867613 0 0.295579276236 0.296145984765 0.297974631728 0.288070477715 0.288256302844 0.287602282831 0.287296346016 0.297133194455 0.300738400536 0.302388201646 0.283195409991 0.299396969685 0.296884972910 0.287354517617 0.304263636642 0.297572469259 0.315919556086 0.316441588145 0.313119204000 0.315201116549 0.286807510435 0.288575068528
 0.271937734212 0.327886706073 0.306754200361 0.302555775169 0.303712529312 0.295698035071 0.302143797979 0.305114501953 0.304386489875 0.303368624839 0.301896549772 0.304241754435 0.300639811695 0.303026001766 0.303014836470 0.303664092203 0.299258753316 0.302720590250 0.303139295637 0.302124641064 0.307586658782 0.308269977469 0.307168915783 0.310926728010 0.308756954468 0.308432074995 0.306685995569 0.295539357565 0.294938651920 0.294666208420 0.297110763979 0.267218699834 0.268746744343 0.269653123481 0.276547073050 0.269908333532 0.267285953206 0.322886915863 0.295579276236 0 0.259704412030 0.259366840492 0.276595116964 0.274292744703 0.272471587712 0.272080489884 0.258914996474 0.267729067347 0.268593849493 0.270987328631 0.260678763101 0.259781858487 0.275272488416 0.269992254287 0.261313040414 0.285007992607 0.284559359903 0.281566897226 0.284358462613 0.277077039198 0.275628742788
 0.271693787173 0.329143253593 0.308123060488 0.304361002722 0.304156143777 0.296893690026 0.302542858837 0.304811233006 0.303421787317 0.303271681880 0.302555996371 0.304264848659 0.300326338698 0.303937959994 0.302369799087 0.304229806013 0.301004488878 0.303574859769 0.304490442277 0.303535230317 0.307982524184 0.308791069640 0.308958657499 0.311064835921 0.309047419088 0.309062272592 0.308295923949 0.297240032433 0.295360546982 0.294954257131 0.297630445292 0.266427666664 0.267357582535 0.269370235203 0.276353102998 0.271027001376 0.267804801625 0.322814439533 0.296145984765 0.259704412030 0 0.260994639258 0.276874871931 0.273585963080 0.273742736234 0.272678183894 0.260220292421 0.266725460754 0.268732919449 0.271577384953 0.261330993403 0.260266925588 0.274903089464 0.270521749144 0.261471014964 0.283966137324 0.283217696441 0.278890581294 0.282547712452 0.277189557032 0.274787676697
 0.274277895612 0.330084445558 0.308840817658 0.304768118480 0.305622973548 0.297923586933 0.303982495797 0.307005799027 0.305746317917 0.305718020766 0.303980530335 0.304564408773 0.301657039144 0.304609742540 0.304587631164 0.306647356951 0.302387185834 0.305415090406 0.305579754089 0.305861899670 0.309415406664 0.310003674720 0.310346056859 0.312582707912 0.309871249875 0.310098084871 0.309457182388 0.297872445816 0.296987212966 0.296463033807 0.299001071148 0.267161106578 0.270641448767 0.272709823784 0.277162181593 0.270857835695 0.268856065764 0.322858108669 0.297974631728 0.259366840492 0.260994639258 0 0.277508754240 0.275517932498 0.273617380515 0.273147858205 0.263298947481 0.267773192717 0.271172100573 0.274538481761 0.263847896635 0.263647023671 0.275697081065 0.271921940184 0.263529722463 0.286391673224 0.285863132322 0.281733314803 0.285555391146 0.278776661645 0.277272973119
 0.285357522007 0.323194107684 0.301418492414 0.294921963469 0.296142094423 0.287847045434 0.294769341265 0.297708823804 0.296001003969 0.295000653977 0.292567139705 0.295715250664 0.291811000032 0.295674813562 0.294644549205 0.297341865752 0.293767730771 0.297565796263 0.297866630970 0.295728259341 0.301799801402 0.304441732767 0.303094246160 0.305828822823 0.303617768010 0.302771525514 0.303052956802 0.288284892290 0.286721093444 0.286759413813 0.287873844346 0.277422666934 0.278732071456 0.279900555475 0.265801152219 0.283490319622 0.278117700064 0.310507235335 0.288070477715 0.276595116964 0.276874871931 0.277508754240 0 0.262520469975 0.266224611324 0.266218670664 0.276155061104 0.279509100261 0.280698015183 0.260211360541 0.277674878232 0.275508012593 0.265088510445 0.281692209423 0.278033880265 0.297095650841 0.296360126985 0.292846870161 0.295309337621 0.266110092475 0.257655198752
 0.282853672814 0.323317975555 0.301373073231 0.292903283093 0.294821793358 0.284922882613 0.292576050128 0.296847464773 0.294898630875 0.292863218828 0.292712560524 0.295270105248 0.290531591078 0.294381927707 0.293123461367 0.296383661727 0.292588995461 0.296629856414 0.296144566541 0.296836572453 0.301244329561 0.301898114704 0.302621485078 0.304590644001 0.302714382080 0.301987395133 0.300963520994 0.287847842938 0.285427655692 0.284861082360 0.287792730476 0.274453818243 0.275966320947 0.276719356480 0.265072502265 0.281677919734 0.276818641644 0.308756150428 0.288256302844 0.274292744703 0.273585963080 0.275517932498 0.262520469975 0 0.262477921823 0.265752803439 0.274141157987 0.275173761282 0.276163403890 0.259355954558 0.276169571458 0.273900664061 0.262292159353 0.279201091827 0.275797755628 0.295394733588 0.294462819953 0.290997989535 0.292169606969 0.267301495366 0.264206526192
