 0 0.127343754852 0.126750090403 0.511070746558 0.688121829008 0.683655491630 0.679735895300 0.686408356777 0.694121630137 0.695067222151 0.694500937521 0.705439478761 0.681793473024 0.687585806080 0.684890496428 0.688408827136 0.752638534939 0.594192447658 0.644510677760 0.635679184932 0.595447958476 0.590346428062 0.599563190236 0.603874986943 0.592610774996 0.595450567737 0.585869395741 0.584143185361 0.680207653512
 0.127343754852 0 0.123275573639 0.508836344904 0.687874807709 0.682812699308 0.678039106171 0.686000222757 0.692652318355 0.693879139989 0.693598569729 0.704681922413 0.679904468345 0.686875947242 0.683947116848 0.687545079910 0.751665062168 0.592599599991 0.643139043556 0.635644866242 0.592751881293 0.589406012221 0.597661529260 0.602330232654 0.590270244908 0.593747757854 0.582952131766 0.582782432459 0.679490324477
 0.126750090403 0.123275573639 0 0.506778846182 0.685738915202 0.682015693471 0.677408032013 0.684756907775 0.692191745001 0.693243906932 0.692676265417 0.703467774759 0.680027471247 0.685710482173 0.683273936281 0.686492683797 0.749887009967 0.591634174995 0.642894831265 0.633940074305 0.592945700954 0.589174063964 0.597111319849 0.600969535587 0.589144301821 0.593662605954 0.582713850646 0.582162631753 0.678488044706
 0.511070746558 0.508836344904 0.506778846182 0 0.596822228966 0.590278293494 0.586922835424 0.594391618966 0.599384235213 0.603174650375 0.602793200427 0.613656651125 0.588358717598 0.594078438533 0.594044824478 0.596252978858 0.649174335600 0.490877003805 0.544255205364 0.536268007928 0.492021950435 0.486321105589 0.497455694376 0.502435291710 0.489681534325 0.494189782839 0.489522555066 0.483133174454 0.588071482277
 0.688121829008 0.687874807709 0.685738915202 0.596822228966 0 0.234600923481 0.236144959042 0.239455148666 0.194434786532 0.196660702083 0.193650071473 0.251839102105 0.234721523788 0.240369076331 0.232503242515 0.244842822712 0.739474267916 0.582833483523 0.638150476683 0.630699074994 0.583609306887 0.581711509576 0.590678958323 0.596986167679 0.584139947867 0.588667466629 0.595276763383 0.577784665168 0.286059414549
 0.683655491630 0.682812699308 0.682015693471 0.590278293494 0.234600923481 0 0.196596498859 0.216608882312 0.233678652056 0.239105405519 0.235836364427 0.233857337697 0.200654300711 0.212045459425 0.206855078037 0.210019017089 0.733277796831 0.575147912949 0.631832760713 0.623571125496 0.575282977667 0.574871173242 0.583619643777 0.589829746215 0.577031772547 0.582097668754 0.590018773872 0.570772384707 0.270162606108
 0.679735895300 0.678039106171 0.677408032013 0.586922835424 0.236144959042 0.196596498859 0 0.220882412928 0.232086048921 0.235480201131 0.234195948898 0.237187462382 0.199271253437 0.207516977607 0.207844994480 0.215954826200 0.727934988751 0.572225308439 0.627508593148 0.619757784604 0.572690762858 0.570196858798 0.579055901324 0.585734242098 0.573748650604 0.578183544457 0.583852138134 0.568769787989 0.264375448206
 0.686408356777 0.686000222757 0.684756907775 0.594391618966 0.239455148666 0.216608882312 0.220882412928 0 0.236428482873 0.245281088666 0.242360489580 0.241589090315 0.217506024930 0.218471649972 0.207761084958 0.218041068669 0.735959411438 0.579640830008 0.635402932836 0.628359793370 0.580652434887 0.579165406425 0.588466629851 0.593018521233 0.581294907135 0.586089396293 0.593169926441 0.574841046114 0.271088654136
 0.694121630137 0.692652318355 0.692191745001 0.599384235213 0.194434786532 0.233678652056 0.232086048921 0.236428482873 0 0.197902026259 0.190313896727 0.252123214636 0.232423474605 0.242667476239 0.233747375463 0.245465642430 0.741208789883 0.585025464796 0.641844660715 0.633987759734 0.587063506000 0.584857540201 0.594011249995 0.600957694479 0.586818017437 0.591261785379 0.598721786097 0.580604882540 0.287906360060
 0.695067222151 0.693879139989 0.693243906932 0.603174650375 0.196660702083 0.239105405519 0.235480201131 0.245281088666 0.197902026259 0 0.169061320791 0.253732626741 0.237709373646 0.248773476382 0.241036287821 0.249930057559 0.744491897423 0.589132894343 0.644343982884 0.637571677518 0.590675776589 0.588204678104 0.597942958011 0.602998504295 0.590575862766 0.594638366447 0.601792401435 0.583619251441 0.289354304144
 0.694500937521 0.693598569729 0.692676265417 0.602793200427 0.193650071473 0.235836364427 0.234195948898 0.242360489580 0.190313896727 0.169061320791 0 0.250190323219 0.233871052227 0.242075515745 0.232108457694 0.247236383918 0.745201947408 0.588924136403 0.644408559255 0.636162263172 0.589833838101 0.587561796908 0.596480565400 0.601951321163 0.591022345509 0.594138963609 0.601935867594 0.583047832701 0.292181771738
 0.705439478761 0.704681922413 0.703467774759 0.613656651125 0.251839102105 0.233857337697 0.237187462382 0.241589090315 0.252123214636 0.253732626741 0.250190323219 0 0.236926710202 0.227240552322 0.229387709405 0.230689079402 0.754637057279 0.598510881833 0.653494194862 0.645119022161 0.598309766343 0.596200933811 0.605945113032 0.611411956461 0.599670314178 0.604042085075 0.611075318276 0.591294674417 0.287870877406
 0.681793473024 0.679904468345 0.680027471247 0.588358717598 0.234721523788 0.200654300711 0.199271253437 0.217506024930 0.232423474605 0.237709373646 0.233871052227 0.236926710202 0 0.221530728621 0.210150741862 0.219346103275 0.731194391866 0.576228627002 0.632353488167 0.623232344160 0.575424621301 0.574758923301 0.582883603387 0.588937730194 0.577755135091 0.581907156593 0.587630536203 0.570654301690 0.269972359025
 0.687585806080 0.686875947242 0.685710482173 0.594078438533 0.240369076331 0.212045459425 0.207516977607 0.218471649972 0.242667476239 0.248773476382 0.242075515745 0.227240552322 0.221530728621 0 0.206757001804 0.205769632646 0.737955658599 0.580454012397 0.635788075895 0.628329766567 0.580625276882 0.579365796346 0.589375964834 0.593473777835 0.582499849782 0.586882510133 0.592963182740 0.575297382201 0.266623757781
 0.684890496428 0.683947116848 0.683273936281 0.594044824478 0.232503242515 0.206855078037 0.207844994480 0.207761084958 0.233747375463 0.241036287821 0.232108457694 0.229387709405 0.210150741862 0.206757001804 0 0.223009506762 0.736663615876 0.580375451250 0.635310935822 0.628133266007 0.579872909072 0.578790881174 0.588609751475 0.593811069961 0.581275894469 0.585975972933 0.592072016011 0.574559200467 0.272814367743
 0.688408827136 0.687545079910 0.686492683797 0.596252978858 0.244842822712 0.210019017089 0.215954826200 0.218041068669 0.245465642430 0.249930057559 0.247236383918 0.230689079402 0.219346103275 0.205769632646 0.223009506762 0 0.739535696410 0.583284345779 0.639274591741 0.630674709388 0.584204205337 0.581651097696 0.591660185364 0.596418889198 0.585398438442 0.589024560577 0.596436243444 0.577411673709 0.275168854266
 0.752638534939 0.751665062168 0.749887009967 0.649174335600 0.739474267916 0.733277796831 0.727934988751 0.735959411438 0.741208789883 0.744491897423 0.745201947408 0.754637057279 0.731194391866 0.737955658599 0.736663615876 0.739535696410 0 0.600570738335 0.623372132199 0.612483689802 0.599487199300 0.595244826135 0.606164189311 0.582415865248 0.597349916360 0.584088964387 0.589141576509 0.601640544641 0.727215513505
 0.594192447658 0.592599599991 0.591634174995 0.490877003805 0.582833483523 0.575147912949 0.572225308439 0.579640830008 0.585025464796 0.589132894343 0.588924136403 0.598510881833 0.576228627002 0.580454012397 0.580375451250 0.583284345779 0.600570738335 0 0.466814512737 0.410258438798 0.352343955310 0.369392722940 0.373733117780 0.381709904281 0.364568186091 0.445377403707 0.455063838321 0.431470470106 0.572107997424
 0.644510677760 0.643139043556 0.642894831265 0.544255205364 0.638150476683 0.631832760713 0.627508593148 0.635402932836 0.641844660715 0.644343982884 0.644408559255 0.653494194862 0.632353488167 0.635788075895 0.635310935822 0.639274591741 0.623372132199 0.466814512737 0 0.477079826016 0.464758490019 0.461803715044 0.469503777721 0.445211842953 0.464033933681 0.466137917485 0.477520142074 0.484480010723 0.627198432987
 0.635679184932 0.635644866242 0.633940074305 0.536268007928 0.630699074994 0.623571125496 0.619757784604 0.628359793370 0.633987759734 0.637571677518 0.636162263172 0.645119022161 0.623232344160 0.628329766567 0.628133266007 0.630674709388 0.612483689802 0.410258438798 0.477079826016 0 0.406836798124 0.410752202968 0.409394188992 0.384871340035 0.409343983930 0.460581055028 0.467965850102 0.478987518022 0.618849235247
 0.595447958476 0.592751881293 0.592945700954 0.492021950435 0.583609306887 0.575282977667 0.572690762858 0.580652434887 0.587063506000 0.590675776589 0.589833838101 0.598309766343 0.575424621301 0.580625276882 0.579872909072 0.584204205337 0.599487199300 0.352343955310 0.464758490019 0.406836798124 0 0.369515256017 0.362868146271 0.377877528430 0.361489543023 0.447561160792 0.453620718807 0.433866815775 0.572853486082
 0.590346428062 0.589406012221 0.589174063964 0.486321105589 0.581711509576 0.574871173242 0.570196858798 0.579165406425 0.584857540201 0.588204678104 0.587561796908 0.596200933811 0.574758923301 0.579365796346 0.578790881174 0.581651097696 0.595244826135 0.369392722940 0.461803715044 0.410752202968 0.369515256017 0 0.368723479213 0.380461541386 0.369127993443 0.446094060034 0.451433237884 0.430138638811 0.570994026344
 0.599563190236 0.597661529260 0.597111319849 0.497455694376 0.590678958323 0.583619643777 0.579055901324 0.588466629851 0.594011249995 0.597942958011 0.596480565400 0.605945113032 0.582883603387 0.589375964834 0.588609751475 0.591660185364 0.606164189311 0.373733117780 0.469503777721 0.409394188992 0.362868146271 0.368723479213 0 0.375999657742 0.364816965155 0.455357427468 0.461676082285 0.441181261986 0.580864342856
 0.603874986943 0.602330232654 0.600969535587 0.502435291710 0.596986167679 0.589829746215 0.585734242098 0.593018521233 0.600957694479 0.602998504295 0.601951321163 0.611411956461 0.588937730194 0.593473777835 0.593811069961 0.596418889198 0.582415865248 0.381709904281 0.445211842953 0.384871340035 0.377877528430 0.380461541386 0.375999657742 0 0.382789928515 0.427811390334 0.434098629951 0.448342283386 0.586172573248
 0.592610774996 0.590270244908 0.589144301821 0.489681534325 0.584139947867 0.577031772547 0.573748650604 0.581294907135 0.586818017437 0.590575862766 0.591022345509 0.599670314178 0.577755135091 0.582499849782 0.581275894469 0.585398438442 0.597349916360 0.364568186091 0.464033933681 0.409343983930 0.361489543023 0.369127993443 0.364816965155 0.382789928515 0 0.447016387581 0.451049256312 0.430574422306 0.573573315030
 0.595450567737 0.593747757854 0.593662605954 0.494189782839 0.588667466629 0.582097668754 0.578183544457 0.586089396293 0.591261785379 0.594638366447 0.594138963609 0.604042085075 0.581907156593 0.586882510133 0.585975972933 0.589024560577 0.584088964387 0.445377403707 0.466137917485 0.460581055028 0.447561160792 0.446094060034 0.455357427468 0.427811390334 0.447016387581 0 0.425090616141 0.418244489275 0.577963045853
 0.585869395741 0.582952131766 0.582713850646 0.489522555066 0.595276763383 0.590018773872 0.583852138134 0.593169926441 0.598721786097 0.601792401435 0.601935867594 0.611075318276 0.587630536203 0.592963182740 0.592072016011 0.596436243444 0.589141576509 0.455063838321 0.477520142074 0.467965850102 0.453620718807 0.451433237884 0.461676082285 0.434098629951 0.451049256312 0.425090616141 0 0.445408568963 0.585772742733
 0.584143185361 0.582782432459 0.582162631753 0.483133174454 0.577784665168 0.570772384707 0.568769787989 0.574841046114 0.580604882540 0.583619251441 0.583047832701 0.591294674417 0.570654301690 0.575297382201 0.574559200467 0.577411673709 0.601640544641 0.431470470106 0.484480010723 0.478987518022 0.433866815775 0.430138638811 0.441181261986 0.448342283386 0.430574422306 0.418244489275 0.445408568963 0 0.567299168784
 0.680207653512 0.679490324477 0.678488044706 0.588071482277 0.286059414549 0.270162606108 0.264375448206 0.271088654136 0.287906360060 0.289354304144 0.292181771738 0.287870877406 0.269972359025 0.266623757781 0.272814367743 0.275168854266 0.727215513505 0.572107997424 0.627198432987 0.618849235247 0.572853486082 0.570994026344 0.580864342856 0.586172573248 0.573573315030 0.577963045853 0.585772742733 0.567299168784 0
