 0 0.338614308184 0.341320974905 0.337948107656 0.339144916493 0.342082564587 0.343845173270 0.311735351623 0.311906655916 0.316427019149 0.301479353076 0.320159037549 0.310884438260 0.312840874051 0.320659704020 0.320705854666 0.321486281963 0.318035850223 0.317636746642 0.320554262164 0.315289625800 0.317858758995 0.315666291079 0.320918013756 0.339489010215 0.332293384127 0.342202934412 0.333503367555 0.314603998205 0.327763534298 0.338537579937 0.336517113422 0.338321736995 0.339308895105 0.308471495147 0.324872539112 0.317944906191 0.334952260254 0.315741818773 0.327401634124 0.319264627154 0.312751505040
 0.338614308184 0 0.299732156917 0.304373769779 0.302551915297 0.303840184364 0.308311567230 0.335876210219 0.338543363611 0.338848611848 0.334054223752 0.342718578005 0.332403525774 0.333095503790 0.340599216792 0.322467755195 0.323370513055 0.324373202519 0.322853034351 0.316944842443 0.319991889384 0.319933569494 0.354269152164 0.359270900374 0.376286311479 0.370920353242 0.379916635437 0.371775449935 0.352256609641 0.367295796281 0.376316662053 0.374069570278 0.353740493148 0.307887009059 0.338314496127 0.361861048659 0.357793197710 0.372982238935 0.352494440729 0.367386908269 0.358143545010 0.333498627721
 0.341320974905 0.299732156917 0 0.309470762653 0.300353803326 0.305425261893 0.309760498414 0.339455494689 0.338125431516 0.337990294719 0.334984748352 0.345872626771 0.334969532263 0.336137452785 0.342025576722 0.325012105492 0.326517257578 0.324035708536 0.322617390597 0.312684146904 0.321173284722 0.320989709883 0.354568927434 0.361185297389 0.378648108448 0.372279556429 0.380876835208 0.374551975956 0.354521147638 0.367606950965 0.378137371760 0.375546371491 0.355071101651 0.307311127634 0.338884022139 0.364387241085 0.357811205483 0.373996301837 0.354748115182 0.365265331480 0.359340567694 0.337231384910
 0.337948107656 0.304373769779 0.309470762653 0 0.306894303760 0.305835754829 0.307824232520 0.336916937280 0.337629070744 0.339069696295 0.332881990226 0.346646769438 0.333584921605 0.332283422714 0.342312461686 0.323755357526 0.325265883910 0.323537604505 0.323032112810 0.314513611260 0.322170890347 0.320293358742 0.355407976191 0.361871713743 0.377804188815 0.369355056986 0.377654939009 0.372494778483 0.355449889259 0.366580457194 0.377781901528 0.376109324137 0.353968398345 0.305623084464 0.338258153607 0.365605259719 0.357769625551 0.374958142696 0.353654230233 0.365864729698 0.357238275599 0.335318004639
 0.339144916493 0.302551915297 0.300353803326 0.306894303760 0 0.297944444464 0.307577179649 0.337024712497 0.335447366906 0.335452409776 0.332064603440 0.344372790648 0.333510149702 0.331875766016 0.340564121286 0.323814337921 0.322279772288 0.325296499684 0.321525080252 0.313445121177 0.319504331135 0.317716734570 0.352204024252 0.358816767703 0.374239618089 0.368378326021 0.377874334633 0.369858119174 0.350088883396 0.363857270350 0.374463467860 0.372021701973 0.354046223300 0.302192951525 0.339971820838 0.362437777399 0.356174525529 0.373288886285 0.350934002768 0.363816657939 0.354049112411 0.334905170835
 0.342082564587 0.303840184364 0.305425261893 0.305835754829 0.297944444464 0 0.304166165620 0.337902184214 0.337647041841 0.339396285692 0.333898998738 0.344686129733 0.333572962205 0.331282233083 0.341211506582 0.324288163817 0.324049934947 0.324690295213 0.320670936470 0.314960288374 0.321681909152 0.320493927960 0.354658468727 0.361312409727 0.377996446437 0.371579781165 0.378396010998 0.370752056583 0.354407204660 0.366933934003 0.376746438747 0.375883867919 0.353900364091 0.304205900387 0.338858085488 0.363242159299 0.357336611756 0.374575646191 0.354778616832 0.365996031758 0.357340032562 0.334856121570
 0.343845173270 0.308311567230 0.309760498414 0.307824232520 0.307577179649 0.304166165620 0 0.341152495308 0.341716220968 0.341722652340 0.336929082404 0.349867793636 0.338393268092 0.337621531951 0.344203101173 0.328128667269 0.327213863091 0.329374321988 0.327649992662 0.318327472612 0.326071736324 0.324685306205 0.359113173682 0.364449502780 0.382693762388 0.375166765105 0.383492813410 0.375740442524 0.357013537365 0.371624347744 0.381315267221 0.377741407025 0.356559408827 0.310368794821 0.342099604037 0.366925071151 0.361576527045 0.376450651943 0.357950543803 0.368686625939 0.361054945767 0.339360615823
 0.311735351623 0.335876210219 0.339455494689 0.336916937280 0.337024712497 0.337902184214 0.341152495308 0 0.296127545094 0.312082822951 0.301138255730 0.315564343034 0.306332664881 0.306810735143 0.318066117103 0.321483046751 0.319198758555 0.320430429596 0.318732525846 0.319081897862 0.314165272416 0.318021650077 0.327292535517 0.334699496583 0.350276332502 0.343523654294 0.352360211745 0.342689815679 0.327819743702 0.339638895688 0.346957698412 0.347964788362 0.338382704016 0.336901612405 0.313500677445 0.334285967556 0.330149264471 0.344735386274 0.326939730782 0.338099064007 0.329305871767 0.316022285305
 0.311906655916 0.338543363611 0.338125431516 0.337629070744 0.335447366906 0.337647041841 0.341716220968 0.296127545094 0 0.312415435462 0.303947443185 0.321629353364 0.311343099190 0.308341126197 0.319183850825 0.320527523844 0.321437331715 0.321048548162 0.318514703845 0.320583919650 0.314933146805 0.320741873191 0.328933541401 0.332800377965 0.350166522612 0.344718475105 0.353187306602 0.343185802024 0.327382109577 0.340175451589 0.349426809626 0.347737720908 0.335436031766 0.336461483733 0.312460143005 0.337857987953 0.331177161053 0.346345961872 0.326364609226 0.338579993297 0.328089005146 0.313432018849
 0.316427019149 0.338848611848 0.337990294719 0.339069696295 0.335452409776 0.339396285692 0.341722652340 0.312082822951 0.312415435462 0 0.308344051145 0.321411531493 0.305325988989 0.304999249837 0.317040363618 0.321974773633 0.321045935211 0.320959139579 0.317943070412 0.319358532777 0.314976463386 0.318493341773 0.331310324108 0.336125881076 0.355564369189 0.349364642788 0.358074346570 0.346401610293 0.331480917148 0.345247469575 0.356254933783 0.350233317234 0.338938042881 0.336912548843 0.316641460154 0.340353059797 0.336445792122 0.349524370897 0.330140911442 0.343005974509 0.332138469241 0.319024521762
 0.301479353076 0.334054223752 0.334984748352 0.332881990226 0.332064603440 0.333898998738 0.336929082404 0.301138255730 0.303947443185 0.308344051145 0 0.312126012301 0.305077264416 0.300317176566 0.313584843153 0.316240734582 0.315427579530 0.315188682304 0.313448201803 0.314757094099 0.309853279491 0.311399407617 0.319836250324 0.324123025812 0.343036805931 0.334774343186 0.343820421562 0.334170062838 0.318543555965 0.331016766040 0.341701962708 0.336707830749 0.330092430167 0.332259605910 0.303959070275 0.324128137882 0.320245473813 0.334333185277 0.315479053816 0.328971502225 0.319783369405 0.307685769848
 0.320159037549 0.342718578005 0.345872626771 0.346646769438 0.344372790648 0.344686129733 0.349867793636 0.315564343034 0.321629353364 0.321411531493 0.312126012301 0 0.317749449614 0.317515823945 0.328457298713 0.328317076856 0.327155913001 0.327565198804 0.326116283510 0.328389908289 0.322088233401 0.325818516633 0.334201729814 0.339262475385 0.359204715721 0.351365518739 0.360846071723 0.351798744292 0.334995370746 0.348087753802 0.358118075302 0.356762202562 0.342588106767 0.344655504940 0.317773373855 0.341378224870 0.337811361584 0.353539227956 0.332475777723 0.346720784197 0.337121632298 0.321080328483
 0.310884438260 0.332403525774 0.334969532263 0.333584921605 0.333510149702 0.333572962205 0.338393268092 0.306332664881 0.311343099190 0.305325988989 0.305077264416 0.317749449614 0 0.301864378433 0.314526615368 0.316795255310 0.316951254378 0.315365921948 0.316341004677 0.314680689105 0.312168276059 0.315366925744 0.328879659417 0.334684340540 0.351010341707 0.342130237280 0.351690644275 0.342614435520 0.326164477865 0.337239913187 0.348434599074 0.347267326307 0.333216332064 0.333205119061 0.313485684429 0.336752441914 0.329457042410 0.346253460303 0.326819325980 0.337677778233 0.330657312049 0.315605040617
 0.312840874051 0.333095503790 0.336137452785 0.332283422714 0.331875766016 0.331282233083 0.337621531951 0.306810735143 0.308341126197 0.304999249837 0.300317176566 0.317515823945 0.301864378433 0 0.312746750289 0.317648488788 0.316762568215 0.315215217093 0.316921029277 0.315185055260 0.313155870227 0.313629591526 0.327251614814 0.332185860499 0.350606549588 0.345074585945 0.353077255981 0.344851462602 0.327278031196 0.340683082282 0.349735415902 0.344689465457 0.332840597101 0.332135047666 0.312470086304 0.336936291204 0.330063809175 0.345170361050 0.324799241096 0.337436658715 0.329265265351 0.310744394243
 0.320659704020 0.340599216792 0.342025576722 0.342312461686 0.340564121286 0.341211506582 0.344203101173 0.318066117103 0.319183850825 0.317040363618 0.313584843153 0.328457298713 0.314526615368 0.312746750289 0 0.323398734163 0.323457900614 0.322531653305 0.320357530678 0.323258247197 0.317820922026 0.321409745960 0.335729234236 0.341975958729 0.360270321601 0.352360207570 0.363236209873 0.353942285606 0.337964144421 0.349437237879 0.359401723271 0.356612594164 0.342141524770 0.339948863318 0.320642694022 0.343776454622 0.340774555282 0.355852864716 0.335029965352 0.347196770177 0.337967905345 0.321099018152
 0.320705854666 0.322467755195 0.325012105492 0.323755357526 0.323814337921 0.324288163817 0.328128667269 0.321483046751 0.320527523844 0.321974773633 0.316240734582 0.328317076856 0.316795255310 0.317648488788 0.323398734163 0 0.298887159360 0.300392399272 0.296882647174 0.302475202552 0.296080043516 0.291336164192 0.336174721653 0.339394226000 0.361974129498 0.353527973945 0.363814236886 0.353697763031 0.337140944757 0.348969998174 0.360376275063 0.357001710215 0.336767884434 0.320484785321 0.320474731190 0.345002254515 0.338608052995 0.356411224577 0.333537893956 0.347575797220 0.338922604635 0.314757862359
 0.321486281963 0.323370513055 0.326517257578 0.325265883910 0.322279772288 0.324049934947 0.327213863091 0.319198758555 0.321437331715 0.321045935211 0.315427579530 0.327155913001 0.316951254378 0.316762568215 0.323457900614 0.298887159360 0 0.297232435458 0.298758542053 0.300872743297 0.293116367766 0.297202801692 0.334675877260 0.341128273357 0.355957242669 0.350907786617 0.358655220956 0.353886717564 0.335142401621 0.346638155006 0.356023141241 0.354612720010 0.337838345089 0.323619645751 0.317868513763 0.342908512892 0.337846869362 0.353404230439 0.332357861280 0.347093371050 0.336483876392 0.313676437586
 0.318035850223 0.324373202519 0.324035708536 0.323537604505 0.325296499684 0.324690295213 0.329374321988 0.320430429596 0.321048548162 0.320959139579 0.315188682304 0.327565198804 0.315365921948 0.315215217093 0.322531653305 0.300392399272 0.297232435458 0 0.296841589418 0.303829925293 0.297369165704 0.296342820554 0.335984031759 0.339174878100 0.359427300594 0.352598506761 0.359856281939 0.353515054287 0.333066197515 0.345965605689 0.356703348253 0.352988362546 0.335371723178 0.324169737378 0.318414819987 0.344414949573 0.338357906038 0.353378610950 0.333996953545 0.345795324114 0.337314017463 0.313564584018
 0.317636746642 0.322853034351 0.322617390597 0.323032112810 0.321525080252 0.320670936470 0.327649992662 0.318732525846 0.318514703845 0.317943070412 0.313448201803 0.326116283510 0.316341004677 0.316921029277 0.320357530678 0.296882647174 0.298758542053 0.296841589418 0 0.303073652930 0.295596025366 0.280851022176 0.336448713525 0.340384610662 0.361664078265 0.352812741870 0.361703477478 0.352482054678 0.333846357534 0.348440677431 0.357907458846 0.354331779744 0.335643804739 0.322663540678 0.316184283904 0.345707561976 0.338217370135 0.353730221874 0.332853409546 0.347059292444 0.337328737883 0.314196946741
 0.320554262164 0.316944842443 0.312684146904 0.314513611260 0.313445121177 0.314960288374 0.318327472612 0.319081897862 0.320583919650 0.319358532777 0.314757094099 0.328389908289 0.314680689105 0.315185055260 0.323258247197 0.302475202552 0.300872743297 0.303829925293 0.303073652930 0 0.300832794056 0.300459722316 0.335299491110 0.342125754035 0.359068294495 0.354259072672 0.362862013689 0.353764081969 0.337973463559 0.348980696780 0.358713090277 0.355861215648 0.336706300376 0.314495996852 0.319684408334 0.345103705639 0.339461643330 0.356346278740 0.335723591480 0.348483627942 0.337690297970 0.316923960766
 0.315289625800 0.319991889384 0.321173284722 0.322170890347 0.319504331135 0.321681909152 0.326071736324 0.314165272416 0.314933146805 0.314976463386 0.309853279491 0.322088233401 0.312168276059 0.313155870227 0.317820922026 0.296080043516 0.293116367766 0.297369165704 0.295596025366 0.300832794056 0 0.293869292587 0.330308703825 0.336521366193 0.353107038269 0.348510242892 0.356034576192 0.349627445587 0.328761398216 0.342328066315 0.352332850731 0.349333755187 0.330303229640 0.320325996653 0.312089362463 0.340074965755 0.333855050128 0.351920358342 0.329624332584 0.342182047407 0.333432686540 0.308549963432
 0.317858758995 0.319933569494 0.320989709883 0.320293358742 0.317716734570 0.320493927960 0.324685306205 0.318021650077 0.320741873191 0.318493341773 0.311399407617 0.325818516633 0.315366925744 0.313629591526 0.321409745960 0.291336164192 0.297202801692 0.296342820554 0.280851022176 0.300459722316 0.293869292587 0 0.333465226153 0.339440359924 0.357545762675 0.350640359905 0.359701177988 0.352073104689 0.334860154404 0.345187338471 0.356579824859 0.353379814525 0.332682644654 0.320484803500 0.316174427745 0.341786556811 0.336669355091 0.351083734462 0.332284912654 0.344921809036 0.337222352622 0.312305759634
 0.315666291079 0.354269152164 0.354568927434 0.355407976191 0.352204024252 0.354658468727 0.359113173682 0.327292535517 0.328933541401 0.331310324108 0.319836250324 0.334201729814 0.328879659417 0.327251614814 0.335729234236 0.336174721653 0.334675877260 0.335984031759 0.336448713525 0.335299491110 0.330308703825 0.333465226153 0 0.262197499027 0.279549874153 0.271149287740 0.280016634890 0.274067443342 0.257286867096 0.264770093717 0.275542449372 0.277795178410 0.351666891706 0.354710523792 0.326291582235 0.259779713085 0.255493868903 0.276128384364 0.244801240297 0.267321609611 0.251635252835 0.326659666747
 0.320918013756 0.359270900374 0.361185297389 0.361871713743 0.358816767703 0.361312409727 0.364449502780 0.334699496583 0.332800377965 0.336125881076 0.324123025812 0.339262475385 0.334684340540 0.332185860499 0.341975958729 0.339394226000 0.341128273357 0.339174878100 0.340384610662 0.342125754035 0.336521366193 0.339440359924 0.262197499027 0 0.283962661255 0.278582710012 0.287392275558 0.278056041565 0.261441336940 0.274072325027 0.284350029073 0.280010573259 0.357821491269 0.361102825415 0.330137955202 0.265044010230 0.261524037327 0.279955929049 0.256011016712 0.269516432545 0.259668113511 0.333246887967
 0.339489010215 0.376286311479 0.378648108448 0.377804188815 0.374239618089 0.377996446437 0.382693762388 0.350276332502 0.350166522612 0.355564369189 0.343036805931 0.359204715721 0.351010341707 0.350606549588 0.360270321601 0.361974129498 0.355957242669 0.359427300594 0.361664078265 0.359068294495 0.353107038269 0.357545762675 0.279549874153 0.283962661255 0 0.245673768414 0.239339025601 0.285552511694 0.287101935519 0.219876972376 0.232826183297 0.286005065203 0.375867588161 0.376415116438 0.349838811923 0.285779784022 0.280241549053 0.284479737298 0.277092967919 0.277337984785 0.278314499145 0.351560975650
 0.332293384127 0.370920353242 0.372279556429 0.369355056986 0.368378326021 0.371579781165 0.375166765105 0.343523654294 0.344718475105 0.349364642788 0.334774343186 0.351365518739 0.342130237280 0.345074585945 0.352360207570 0.353527973945 0.350907786617 0.352598506761 0.352812741870 0.354259072672 0.348510242892 0.350640359905 0.271149287740 0.278582710012 0.245673768414 0 0.231226060614 0.276156811176 0.276784386930 0.225699376199 0.224463946258 0.278116649208 0.369255612561 0.370650702265 0.341193865139 0.278158735605 0.270288807010 0.278528230173 0.267350199690 0.267622437754 0.272004019998 0.343586151911
 0.342202934412 0.379916635437 0.380876835208 0.377654939009 0.377874334633 0.378396010998 0.383492813410 0.352360211745 0.353187306602 0.358074346570 0.343820421562 0.360846071723 0.351690644275 0.353077255981 0.363236209873 0.363814236886 0.358655220956 0.359856281939 0.361703477478 0.362862013689 0.356034576192 0.359701177988 0.280016634890 0.287392275558 0.239339025601 0.231226060614 0 0.288671412941 0.284808938840 0.222708965653 0.239612752772 0.290702210655 0.376614911445 0.378461635906 0.350189135411 0.286129937392 0.282797105696 0.289276303139 0.278821974090 0.280366602111 0.277830090315 0.354485666878
 0.333503367555 0.371775449935 0.374551975956 0.372494778483 0.369858119174 0.370752056583 0.375740442524 0.342689815679 0.343185802024 0.346401610293 0.334170062838 0.351798744292 0.342614435520 0.344851462602 0.353942285606 0.353697763031 0.353886717564 0.353515054287 0.352482054678 0.353764081969 0.349627445587 0.352073104689 0.274067443342 0.278056041565 0.285552511694 0.276156811176 0.288671412941 0 0.276930603826 0.273030587685 0.283844055113 0.231058412160 0.368752030593 0.370760089758 0.342511903108 0.279340063130 0.276351837608 0.223346862957 0.269604914529 0.222055901473 0.273481553684 0.345000236696
 0.314603998205 0.352256609641 0.354521147638 0.355449889259 0.350088883396 0.354407204660 0.357013537365 0.327819743702 0.327382109577 0.331480917148 0.318543555965 0.334995370746 0.326164477865 0.327278031196 0.337964144421 0.337140944757 0.335142401621 0.333066197515 0.333846357534 0.337973463559 0.328761398216 0.334860154404 0.257286867096 0.261441336940 0.287101935519 0.276784386930 0.284808938840 0.276930603826 0 0.272614333066 0.282106101374 0.278683989387 0.352259700514 0.354562578352 0.322179750933 0.267930291961 0.265054069423 0.282044962296 0.257772617314 0.271297494072 0.264435188879 0.325555779327
 0.327763534298 0.367295796281 0.367606950965 0.366580457194 0.363857270350 0.366933934003 0.371624347744 0.339638895688 0.340175451589 0.345247469575 0.331016766040 0.348087753802 0.337239913187 0.340683082282 0.349437237879 0.348969998174 0.346638155006 0.345965605689 0.348440677431 0.348980696780 0.342328066315 0.345187338471 0.264770093717 0.274072325027 0.219876972376 0.225699376199 0.222708965653 0.273030587685 0.272614333066 0 0.212275725767 0.272858708214 0.362957552727 0.367012907729 0.336245202202 0.273130136660 0.266907517790 0.273723929772 0.261874045987 0.264844451180 0.265260771068 0.340520385252
 0.338537579937 0.376316662053 0.378137371760 0.377781901528 0.374463467860 0.376746438747 0.381315267221 0.346957698412 0.349426809626 0.356254933783 0.341701962708 0.358118075302 0.348434599074 0.349735415902 0.359401723271 0.360376275063 0.356023141241 0.356703348253 0.357907458846 0.358713090277 0.352332850731 0.356579824859 0.275542449372 0.284350029073 0.232826183297 0.224463946258 0.239612752772 0.283844055113 0.282106101374 0.212275725767 0 0.285665573844 0.375266044389 0.375981992286 0.346498720543 0.283965332563 0.279368299877 0.281788302609 0.274505675713 0.273274433665 0.275626380040 0.350044204128
 0.336517113422 0.374069570278 0.375546371491 0.376109324137 0.372021701973 0.375883867919 0.377741407025 0.347964788362 0.347737720908 0.350233317234 0.336707830749 0.356762202562 0.347267326307 0.344689465457 0.356612594164 0.357001710215 0.354612720010 0.352988362546 0.354331779744 0.355861215648 0.349333755187 0.353379814525 0.277795178410 0.280010573259 0.286005065203 0.278116649208 0.290702210655 0.231058412160 0.278683989387 0.272858708214 0.285665573844 0 0.369628092175 0.373496161139 0.343881971115 0.279982461699 0.275097755304 0.220811981982 0.268909478085 0.204281861607 0.277773124696 0.348063185916
 0.338321736995 0.353740493148 0.355071101651 0.353968398345 0.354046223300 0.353900364091 0.356559408827 0.338382704016 0.335436031766 0.338938042881 0.330092430167 0.342588106767 0.333216332064 0.332840597101 0.342141524770 0.336767884434 0.337838345089 0.335371723178 0.335643804739 0.336706300376 0.330303229640 0.332682644654 0.351666891706 0.357821491269 0.375867588161 0.369255612561 0.376614911445 0.368752030593 0.352259700514 0.362957552727 0.375266044389 0.369628092175 0 0.354128325512 0.335146348793 0.361629452190 0.354942505814 0.369839036236 0.349482371474 0.363882497167 0.354841469387 0.333240603381
 0.339308895105 0.307887009059 0.307311127634 0.305623084464 0.302192951525 0.304205900387 0.310368794821 0.336901612405 0.336461483733 0.336912548843 0.332259605910 0.344655504940 0.333205119061 0.332135047666 0.339948863318 0.320484785321 0.323619645751 0.324169737378 0.322663540678 0.314495996852 0.320325996653 0.320484803500 0.354710523792 0.361102825415 0.376415116438 0.370650702265 0.378461635906 0.370760089758 0.354562578352 0.367012907729 0.375981992286 0.373496161139 0.354128325512 0 0.337614891694 0.363194561818 0.358996371117 0.373692790796 0.354167862635 0.366270431794 0.355781938868 0.336917653767
 0.308471495147 0.338314496127 0.338884022139 0.338258153607 0.339971820838 0.338858085488 0.342099604037 0.313500677445 0.312460143005 0.316641460154 0.303959070275 0.317773373855 0.313485684429 0.312470086304 0.320642694022 0.320474731190 0.317868513763 0.318414819987 0.316184283904 0.319684408334 0.312089362463 0.316174427745 0.326291582235 0.330137955202 0.349838811923 0.341193865139 0.350189135411 0.342511903108 0.322179750933 0.336245202202 0.346498720543 0.343881971115 0.335146348793 0.337614891694 0 0.334015243717 0.329144439246 0.343756939598 0.323276403455 0.337296708307 0.327800922815 0.301898480730
 0.324872539112 0.361861048659 0.364387241085 0.365605259719 0.362437777399 0.363242159299 0.366925071151 0.334285967556 0.337857987953 0.340353059797 0.324128137882 0.341378224870 0.336752441914 0.336936291204 0.343776454622 0.345002254515 0.342908512892 0.344414949573 0.345707561976 0.345103705639 0.340074965755 0.341786556811 0.259779713085 0.265044010230 0.285779784022 0.278158735605 0.286129937392 0.279340063130 0.267930291961 0.273130136660 0.283965332563 0.279982461699 0.361629452190 0.363194561818 0.334015243717 0 0.261535854687 0.276821917717 0.257519026909 0.271635022193 0.258485612145 0.335908144229
 0.317944906191 0.357793197710 0.357811205483 0.357769625551 0.356174525529 0.357336611756 0.361576527045 0.330149264471 0.331177161053 0.336445792122 0.320245473813 0.337811361584 0.329457042410 0.330063809175 0.340774555282 0.338608052995 0.337846869362 0.338357906038 0.338217370135 0.339461643330 0.333855050128 0.336669355091 0.255493868903 0.261524037327 0.280241549053 0.270288807010 0.282797105696 0.276351837608 0.265054069423 0.266907517790 0.279368299877 0.275097755304 0.354942505814 0.358996371117 0.329144439246 0.261535854687 0 0.277829509600 0.251355281034 0.267738634039 0.259627647722 0.330159354385
 0.334952260254 0.372982238935 0.373996301837 0.374958142696 0.373288886285 0.374575646191 0.376450651943 0.344735386274 0.346345961872 0.349524370897 0.334333185277 0.353539227956 0.346253460303 0.345170361050 0.355852864716 0.356411224577 0.353404230439 0.353378610950 0.353730221874 0.356346278740 0.351920358342 0.351083734462 0.276128384364 0.279955929049 0.284479737298 0.278528230173 0.289276303139 0.223346862957 0.282044962296 0.273723929772 0.281788302609 0.220811981982 0.369839036236 0.373692790796 0.343756939598 0.276821917717 0.277829509600 0 0.271384159455 0.227568125668 0.273960111537 0.347044648023
 0.315741818773 0.352494440729 0.354748115182 0.353654230233 0.350934002768 0.354778616832 0.357950543803 0.326939730782 0.326364609226 0.330140911442 0.315479053816 0.332475777723 0.326819325980 0.324799241096 0.335029965352 0.333537893956 0.332357861280 0.333996953545 0.332853409546 0.335723591480 0.329624332584 0.332284912654 0.244801240297 0.256011016712 0.277092967919 0.267350199690 0.278821974090 0.269604914529 0.257772617314 0.261874045987 0.274505675713 0.268909478085 0.349482371474 0.354167862635 0.323276403455 0.257519026909 0.251355281034 0.271384159455 0 0.260443998328 0.247053526317 0.327184058526
 0.327401634124 0.367386908269 0.365265331480 0.365864729698 0.363816657939 0.365996031758 0.368686625939 0.338099064007 0.338579993297 0.343005974509 0.328971502225 0.346720784197 0.337677778233 0.337436658715 0.347196770177 0.347575797220 0.347093371050 0.345795324114 0.347059292444 0.348483627942 0.342182047407 0.344921809036 0.267321609611 0.269516432545 0.277337984785 0.267622437754 0.280366602111 0.222055901473 0.271297494072 0.264844451180 0.273274433665 0.204281861607 0.363882497167 0.366270431794 0.337296708307 0.271635022193 0.267738634039 0.227568125668 0.260443998328 0 0.266817062034 0.339401826288
 0.319264627154 0.358143545010 0.359340567694 0.357238275599 0.354049112411 0.357340032562 0.361054945767 0.329305871767 0.328089005146 0.332138469241 0.319783369405 0.337121632298 0.330657312049 0.329265265351 0.337967905345 0.338922604635 0.336483876392 0.337314017463 0.337328737883 0.337690297970 0.333432686540 0.337222352622 0.251635252835 0.259668113511 0.278314499145 0.272004019998 0.277830090315 0.273481553684 0.264435188879 0.265260771068 0.275626380040 0.277773124696 0.354841469387 0.355781938868 0.327800922815 0.258485612145 0.259627647722 0.273960111537 0.247053526317 0.266817062034 0 0.329790502204
 0.312751505040 0.333498627721 0.337231384910 0.335318004639 0.334905170835 0.334856121570 0.339360615823 0.316022285305 0.313432018849 0.319024521762 0.307685769848 0.321080328483 0.315605040617 0.310744394243 0.321099018152 0.314757862359 0.313676437586 0.313564584018 0.314196946741 0.316923960766 0.308549963432 0.312305759634 0.326659666747 0.333246887967 0.351560975650 0.343586151911 0.354485666878 0.345000236696 0.325555779327 0.340520385252 0.350044204128 0.348063185916 0.333240603381 0.336917653767 0.301898480730 0.335908144229 0.330159354385 0.347044648023 0.327184058526 0.339401826288 0.329790502204 0
