0.000010 0.000010 0.000010 0.000010 0.000010 0.000010 0.999920 0.000010 0.000010
0.999920 0.000010 0.000010 0.000010 0.000010 0.000010 0.000010 0.000010 0.000010
0.000010 0.000010 0.000010 0.000010 0.000010 0.000010 0.000010 0.999920 0.000010
0.000010 0.528093 0.000010 0.000010 0.000019 0.000010 0.000010 0.471827 0.000010
0.000010 0.000010 0.000010 0.000010 0.000010 0.000010 0.000010 0.999920 0.000010
0.000010 0.999920 0.000010 0.000010 0.000010 0.000010 0.000010 0.000010 0.000010
0.000010 0.999919 0.000011 0.000010 0.000010 0.000010 0.000010 0.000010 0.000010
0.000010 0.000010 0.000010 0.000010 0.000010 0.372344 0.000010 0.000010 0.627586
0.000010 0.000010 0.000010 0.000010 0.000010 0.000010 0.000010 0.000010 0.999920
0.000010 0.000010 0.000010 0.000010 0.000010 0.999920 0.000010 0.000010 0.000010
0.000010 0.000011 0.000010 0.000010 0.000011 0.000010 0.000010 0.000010 0.999918
0.000010 0.000010 0.000010 0.000010 0.000010 0.373923 0.000014 0.000010 0.626002
0.000010 0.000010 0.000010 0.000010 0.000010 0.999920 0.000010 0.000010 0.000010
0.000010 0.000010 0.000010 0.000010 0.000010 0.999920 0.000010 0.000010 0.000010
0.000010 0.002351 0.000010 0.000010 0.149436 0.551822 0.000010 0.000010 0.296341
0.000010 0.000010 0.000010 0.000010 0.999920 0.000010 0.000010 0.000010 0.000010
0.000010 0.000010 0.000010 0.000010 0.999920 0.000010 0.000010 0.000010 0.000010
0.000010 0.000010 0.000010 0.000010 0.999920 0.000010 0.000010 0.000010 0.000010
0.423682 0.000010 0.000010 0.000010 0.576248 0.000010 0.000010 0.000010 0.000010
0.048619 0.168985 0.000011 0.000010 0.456527 0.187522 0.000010 0.138307 0.000010
0.000010 0.000010 0.000010 0.000010 0.000010 0.999920 0.000010 0.000010 0.000010
0.000010 0.000010 0.000010 0.000010 0.999920 0.000010 0.000010 0.000010 0.000010
0.000010 0.000011 0.000010 0.000010 0.000010 0.000010 0.999919 0.000010 0.000010
0.999920 0.000010 0.000010 0.000010 0.000010 0.000010 0.000010 0.000010 0.000010
0.000010 0.000010 0.435214 0.338802 0.000010 0.000010 0.000010 0.000010 0.225924
0.000010 0.000010 0.471523 0.301987 0.000010 0.000010 0.000010 0.000010 0.226430
0.000010 0.000010 0.000010 0.999920 0.000010 0.000010 0.000010 0.000010 0.000010
0.000011 0.000010 0.000010 0.999919 0.000010 0.000010 0.000010 0.000010 0.000010
0.000010 0.000010 0.000010 0.999920 0.000010 0.000010 0.000010 0.000010 0.000010
0.000010 0.000010 0.999920 0.000010 0.000010 0.000010 0.000010 0.000010 0.000010
0.000010 0.000010 0.423950 0.289521 0.000010 0.000010 0.000010 0.000010 0.286469
0.000010 0.000010 0.000016 0.999911 0.000010 0.000010 0.000012 0.000010 0.000010
0.000011 0.000010 0.000014 0.999906 0.000010 0.000010 0.000018 0.000010 0.000010
0.000010 0.000010 0.999917 0.000010 0.000013 0.000010 0.000010 0.000010 0.000010
0.000010 0.000010 0.000010 0.000010 0.000010 0.000010 0.000010 0.000010 0.999920
0.000010 0.999920 0.000010 0.000010 0.000010 0.000010 0.000010 0.000010 0.000010
0.000010 0.000010 0.000010 0.000010 0.000010 0.000010 0.000010 0.000010 0.999920
0.000010 0.000010 0.474627 0.314145 0.000010 0.000010 0.000010 0.000010 0.211168
0.000010 0.000010 0.454813 0.331362 0.000010 0.000010 0.000010 0.000010 0.213765
0.000010 0.000010 0.999920 0.000010 0.000010 0.000010 0.000010 0.000010 0.000010
0.000010 0.000010 0.478656 0.311890 0.000010 0.000010 0.000010 0.000010 0.209394
0.000010 0.000010 0.999916 0.000010 0.000010 0.000010 0.000014 0.000010 0.000010
0.000010 0.000010 0.448973 0.341432 0.000010 0.000010 0.000010 0.000010 0.209535
0.000010 0.000010 0.000010 0.000010 0.264028 0.000010 0.000010 0.000010 0.735902
