0.000010 0.567404 0.025564 0.044302 0.000010 0.000010 0.000010 0.362690
0.999919 0.000012 0.000014 0.000010 0.000010 0.000015 0.000010 0.000010
0.999922 0.000010 0.000018 0.000010 0.000010 0.000010 0.000010 0.000010
0.000010 0.000010 0.000010 0.000010 0.000010 0.999930 0.000010 0.000010
0.999930 0.000010 0.000010 0.000010 0.000010 0.000010 0.000010 0.000010
0.999927 0.000010 0.000011 0.000010 0.000012 0.000010 0.000010 0.000010
0.999930 0.000010 0.000010 0.000010 0.000010 0.000010 0.000010 0.000010
0.000010 0.999930 0.000010 0.000010 0.000010 0.000010 0.000010 0.000010
0.000016 0.999924 0.000010 0.000010 0.000010 0.000010 0.000010 0.000010
0.000010 0.999916 0.000010 0.000010 0.000010 0.000019 0.000015 0.000010
0.000010 0.753472 0.000010 0.000010 0.000010 0.000010 0.000010 0.246468
0.000010 0.674812 0.000010 0.000010 0.035625 0.000010 0.000010 0.289513
0.000010 0.000010 0.000010 0.000010 0.000010 0.999930 0.000010 0.000010
0.000010 0.999930 0.000010 0.000010 0.000010 0.000010 0.000010 0.000010
0.000010 0.812333 0.000010 0.000010 0.187607 0.000010 0.000010 0.000010
0.000010 0.000010 0.000010 0.000010 0.000010 0.000010 0.999930 0.000010
0.000010 0.000010 0.000010 0.000010 0.999930 0.000010 0.000010 0.000010
0.000010 0.000010 0.000010 0.000010 0.999930 0.000010 0.000010 0.000010
0.000010 0.000010 0.000010 0.000010 0.000010 0.000010 0.999930 0.000010
0.300959 0.152796 0.000010 0.000010 0.351405 0.048421 0.146389 0.000010
0.000010 0.497377 0.000010 0.000010 0.282213 0.000010 0.053154 0.167217
0.000010 0.000010 0.000010 0.000010 0.999930 0.000010 0.000010 0.000010
0.000010 0.000010 0.000010 0.000010 0.999930 0.000010 0.000010 0.000010
0.000010 0.000010 0.000010 0.000010 0.449222 0.000010 0.550718 0.000010
0.000010 0.000010 0.328298 0.352940 0.000010 0.000010 0.000010 0.318712
0.000010 0.000010 0.364313 0.313765 0.000010 0.000010 0.000010 0.321872
0.000010 0.000010 0.000010 0.999929 0.000010 0.000011 0.000010 0.000010
0.000010 0.000010 0.000010 0.999930 0.000010 0.000010 0.000010 0.000010
0.000010 0.000010 0.000010 0.999930 0.000010 0.000010 0.000010 0.000010
0.000010 0.000010 0.999930 0.000010 0.000010 0.000010 0.000010 0.000010
0.000010 0.000010 0.322612 0.304046 0.000010 0.000010 0.000010 0.373292
0.000010 0.000010 0.000011 0.999929 0.000010 0.000010 0.000010 0.000010
0.000010 0.000010 0.000010 0.999930 0.000010 0.000010 0.000010 0.000010
0.000010 0.000010 0.999930 0.000010 0.000010 0.000010 0.000010 0.000010
0.035157 0.464666 0.000010 0.000010 0.252543 0.041113 0.028113 0.178388
0.999930 0.000010 0.000010 0.000010 0.000010 0.000010 0.000010 0.000010
0.000010 0.000010 0.000010 0.000010 0.000010 0.000015 0.000010 0.999925
0.000010 0.000010 0.384015 0.325258 0.000010 0.000010 0.000010 0.290677
0.000010 0.000010 0.353745 0.346020 0.000010 0.000010 0.000010 0.300186
0.000010 0.000011 0.999929 0.000010 0.000010 0.000010 0.000010 0.000010
0.000010 0.000010 0.379825 0.324436 0.000010 0.000010 0.000010 0.295689
0.000010 0.000010 0.999930 0.000010 0.000010 0.000010 0.000010 0.000010
0.000010 0.000010 0.354814 0.356711 0.000010 0.000010 0.000010 0.288424
0.000010 0.000010 0.000010 0.000010 0.000010 0.000010 0.000010 0.999930
