0.000010 0.000010 0.000010 0.000010 0.000010 0.000010 0.999940
0.000010 0.000010 0.000010 0.000010 0.999940 0.000010 0.000010
0.000010 0.000010 0.000010 0.000010 0.999940 0.000010 0.000010
0.000010 0.000010 0.999940 0.000010 0.000010 0.000010 0.000010
0.000010 0.000010 0.000010 0.000010 0.999940 0.000010 0.000010
0.000016 0.000010 0.000010 0.000010 0.999934 0.000010 0.000010
0.000010 0.000010 0.000010 0.000010 0.999940 0.000010 0.000010
0.000010 0.000010 0.000010 0.000010 0.000010 0.000010 0.999940
0.000010 0.000010 0.000010 0.000010 0.000010 0.000010 0.999940
0.000010 0.000010 0.000010 0.000010 0.000010 0.999940 0.000010
0.000010 0.000010 0.000010 0.000010 0.000010 0.000010 0.999940
0.136745 0.000010 0.000010 0.000010 0.000010 0.299391 0.563824
0.000010 0.000010 0.000010 0.000010 0.000010 0.999940 0.000010
0.000011 0.000010 0.000010 0.000010 0.000010 0.542242 0.457707
0.209153 0.000010 0.000010 0.000010 0.032409 0.365852 0.392557
0.770816 0.000010 0.229134 0.000010 0.000010 0.000010 0.000010
0.999940 0.000010 0.000010 0.000010 0.000010 0.000010 0.000010
0.999934 0.000010 0.000016 0.000010 0.000010 0.000010 0.000010
0.573284 0.000017 0.426650 0.000018 0.000010 0.000010 0.000010
0.436737 0.000010 0.128348 0.000010 0.282872 0.103496 0.048527
0.333931 0.000010 0.000010 0.000010 0.000010 0.342903 0.323127
0.999933 0.000010 0.000017 0.000010 0.000010 0.000010 0.000010
0.999940 0.000010 0.000010 0.000010 0.000010 0.000010 0.000010
0.000010 0.000010 0.999937 0.000013 0.000010 0.000010 0.000010
0.000010 0.421869 0.000014 0.336315 0.000010 0.000010 0.241772
0.000010 0.458474 0.000010 0.298953 0.000010 0.000010 0.242533
0.000010 0.000010 0.000010 0.999940 0.000010 0.000010 0.000010
0.000011 0.000010 0.000011 0.999937 0.000010 0.000012 0.000010
0.000010 0.000010 0.000010 0.999940 0.000010 0.000010 0.000010
0.000010 0.999936 0.000011 0.000013 0.000010 0.000010 0.000010
0.000010 0.412930 0.000010 0.286528 0.000010 0.000010 0.300502
0.000010 0.000010 0.000010 0.999940 0.000010 0.000010 0.000010
0.000010 0.000010 0.000010 0.999940 0.000010 0.000010 0.000010
0.000010 0.999930 0.000010 0.000010 0.000010 0.000020 0.000010
0.000010 0.000010 0.000010 0.000010 0.000010 0.999940 0.000010
0.000010 0.000010 0.000010 0.000010 0.999940 0.000010 0.000010
0.206668 0.000010 0.000010 0.004353 0.000010 0.182961 0.605988
0.000010 0.462875 0.000010 0.310881 0.000010 0.000010 0.226204
0.000010 0.442092 0.000010 0.327240 0.000010 0.000010 0.230628
0.000010 0.999940 0.000010 0.000010 0.000010 0.000010 0.000010
0.000010 0.470326 0.000011 0.310845 0.000010 0.000010 0.218789
0.000010 0.999937 0.000010 0.000013 0.000010 0.000010 0.000010
0.000010 0.435324 0.000010 0.339444 0.000010 0.000010 0.225192
0.352933 0.000010 0.000010 0.000010 0.000010 0.157150 0.489876
