0.000010 0.000010 0.000010 0.000010 0.000010 0.000010 0.000010 0.000010 0.999920
0.000010 0.000010 0.000010 0.000010 0.000010 0.000010 0.000010 0.999920 0.000010
0.000010 0.000010 0.000010 0.000010 0.000010 0.000010 0.000010 0.999920 0.000010
0.000010 0.000010 0.000010 0.000010 0.000010 0.000010 0.000010 0.999920 0.000010
0.000010 0.000010 0.000010 0.000010 0.000010 0.000010 0.000010 0.999920 0.000010
0.000010 0.000010 0.098216 0.000010 0.000010 0.000010 0.000010 0.901714 0.000010
0.000010 0.000010 0.999920 0.000010 0.000010 0.000010 0.000010 0.000010 0.000010
0.999920 0.000010 0.000010 0.000010 0.000010 0.000010 0.000010 0.000010 0.000010
0.999919 0.000010 0.000010 0.000010 0.000010 0.000011 0.000010 0.000010 0.000010
0.638820 0.000010 0.000010 0.000010 0.142948 0.000010 0.085109 0.000010 0.133074
0.566165 0.000018 0.000010 0.215356 0.000010 0.014188 0.053435 0.000010 0.150808
0.999920 0.000010 0.000010 0.000010 0.000010 0.000010 0.000010 0.000010 0.000010
0.504297 0.000010 0.000010 0.091871 0.168284 0.000010 0.083346 0.018323 0.133849
0.000010 0.000010 0.000010 0.000010 0.000010 0.000010 0.999920 0.000010 0.000010
0.000010 0.000010 0.000010 0.000010 0.000010 0.000010 0.000010 0.000010 0.999920
0.000010 0.000010 0.000010 0.000010 0.999920 0.000010 0.000010 0.000010 0.000010
0.000010 0.000011 0.000010 0.000010 0.999910 0.000010 0.000019 0.000010 0.000010
0.000010 0.000010 0.000010 0.000010 0.999920 0.000010 0.000010 0.000010 0.000010
0.000010 0.000010 0.000010 0.000010 0.999920 0.000010 0.000010 0.000010 0.000010
0.106604 0.000018 0.040211 0.007632 0.539217 0.000010 0.016685 0.279607 0.010015
0.293988 0.000010 0.000010 0.299606 0.306913 0.000010 0.010979 0.000010 0.088475
0.000010 0.000010 0.000010 0.195682 0.804248 0.000010 0.000010 0.000010 0.000010
0.147544 0.000010 0.018948 0.219111 0.614346 0.000010 0.000010 0.000010 0.000010
0.000013 0.000010 0.000010 0.000010 0.999910 0.000010 0.000010 0.000017 0.000010
0.229019 0.339351 0.000010 0.000010 0.000010 0.431570 0.000010 0.000010 0.000010
0.228193 0.303479 0.000010 0.000010 0.000010 0.468268 0.000010 0.000010 0.000010
0.000010 0.999920 0.000010 0.000010 0.000010 0.000010 0.000010 0.000010 0.000010
0.000010 0.999920 0.000010 0.000010 0.000010 0.000010 0.000010 0.000010 0.000010
0.000010 0.999908 0.000015 0.000010 0.000010 0.000010 0.000010 0.000017 0.000010
0.000010 0.000010 0.000010 0.000010 0.000010 0.999920 0.000010 0.000010 0.000010
0.282047 0.294904 0.000013 0.000010 0.000011 0.422985 0.000010 0.000010 0.000010
0.000010 0.999917 0.000010 0.000010 0.000011 0.000010 0.000012 0.000010 0.000010
0.000010 0.999915 0.000011 0.000014 0.000010 0.000010 0.000010 0.000010 0.000010
0.000013 0.000010 0.000010 0.000010 0.000014 0.999913 0.000010 0.000010 0.000010
0.000010 0.000012 0.000010 0.999916 0.000011 0.000010 0.000010 0.000010 0.000010
0.000010 0.000010 0.000010 0.000011 0.000010 0.000010 0.000010 0.999919 0.000010
0.000010 0.000010 0.000010 0.999920 0.000010 0.000010 0.000010 0.000010 0.000010
0.216106 0.314099 0.000010 0.000010 0.000010 0.469735 0.000010 0.000010 0.000010
0.217792 0.331927 0.000010 0.000010 0.000010 0.450221 0.000010 0.000010 0.000010
0.000010 0.000015 0.000010 0.000010 0.000010 0.999915 0.000010 0.000010 0.000010
0.211847 0.313828 0.000010 0.000010 0.000010 0.474265 0.000010 0.000010 0.000010
0.000010 0.000010 0.000010 0.000010 0.000010 0.999920 0.000010 0.000010 0.000010
0.216942 0.342299 0.000010 0.000010 0.000010 0.440698 0.000010 0.000010 0.000010
0.000010 0.000010 0.000010 0.999920 0.000010 0.000010 0.000010 0.000010 0.000010
