0.000010 0.000010 0.999939 0.000010 0.000010 0.000011 0.000010
0.000010 0.000010 0.999930 0.000020 0.000010 0.000010 0.000010
0.000010 0.000010 0.999940 0.000010 0.000010 0.000010 0.000010
0.000010 0.221833 0.247508 0.000010 0.000010 0.499167 0.031462
0.999940 0.000010 0.000010 0.000010 0.000010 0.000010 0.000010
0.000010 0.000010 0.000010 0.000010 0.000010 0.000010 0.999940
0.000010 0.000010 0.000010 0.000010 0.000010 0.000010 0.999940
0.000010 0.000010 0.000010 0.000010 0.000010 0.000010 0.999940
0.000010 0.000010 0.000010 0.999940 0.000010 0.000010 0.000010
0.000010 0.000010 0.000015 0.999935 0.000010 0.000010 0.000010
0.000010 0.000010 0.000010 0.999940 0.000010 0.000010 0.000010
0.000010 0.000010 0.000010 0.100874 0.000010 0.000010 0.899076
0.999940 0.000010 0.000010 0.000010 0.000010 0.000010 0.000010
0.000010 0.000010 0.000010 0.035881 0.000010 0.000010 0.964069
0.000010 0.000010 0.000010 0.000010 0.000010 0.000010 0.999940
0.134554 0.000010 0.000010 0.000010 0.000010 0.000010 0.865396
0.000010 0.000010 0.000010 0.000010 0.000010 0.000010 0.999940
0.000010 0.000013 0.000010 0.000010 0.000010 0.999937 0.000010
0.000010 0.636086 0.000010 0.000010 0.363864 0.000010 0.000010
0.000010 0.000010 0.000010 0.000013 0.493257 0.506690 0.000010
0.000010 0.000010 0.000010 0.000010 0.999940 0.000010 0.000010
0.000010 0.672114 0.000010 0.000010 0.327836 0.000010 0.000010
0.000014 0.551979 0.000010 0.000010 0.353574 0.094403 0.000010
0.000010 0.999940 0.000010 0.000010 0.000010 0.000010 0.000010
0.000010 0.000010 0.000010 0.000010 0.999940 0.000010 0.000010
0.000010 0.601081 0.000010 0.000010 0.398869 0.000010 0.000010
0.000010 0.000010 0.000010 0.000010 0.999940 0.000010 0.000010
0.000010 0.999940 0.000010 0.000010 0.000010 0.000010 0.000010
0.000010 0.000010 0.000010 0.000010 0.262779 0.737171 0.000010
0.000012 0.000010 0.000010 0.000010 0.000010 0.999938 0.000010
0.000010 0.395064 0.008581 0.000010 0.000010 0.596315 0.000010
0.000010 0.000010 0.000010 0.052985 0.000010 0.083924 0.863050
