0.000010 0.000010 0.000010 0.000010 0.000010 0.000010 0.999930 0.000010
0.000010 0.000010 0.000010 0.000010 0.000010 0.000010 0.999930 0.000010
0.000010 0.000010 0.000010 0.000015 0.000010 0.000010 0.999925 0.000010
0.000010 0.586601 0.000010 0.000010 0.052562 0.032023 0.281499 0.047284
0.999930 0.000010 0.000010 0.000010 0.000010 0.000010 0.000010 0.000010
0.000010 0.000010 0.000010 0.000010 0.000010 0.000010 0.000010 0.999930
0.000010 0.000010 0.000010 0.000010 0.000010 0.000010 0.000010 0.999930
0.000010 0.000010 0.531657 0.000010 0.000010 0.000010 0.000010 0.468283
0.999930 0.000010 0.000010 0.000010 0.000010 0.000010 0.000010 0.000010
0.999930 0.000010 0.000010 0.000010 0.000010 0.000010 0.000010 0.000010
0.999930 0.000010 0.000010 0.000010 0.000010 0.000010 0.000010 0.000010
0.000010 0.000010 0.000010 0.000010 0.000010 0.000010 0.000010 0.999930
0.000010 0.000010 0.999930 0.000010 0.000010 0.000010 0.000010 0.000010
0.000010 0.000010 0.000010 0.000010 0.000010 0.000010 0.000010 0.999930
0.000010 0.000010 0.999930 0.000010 0.000010 0.000010 0.000010 0.000010
0.000010 0.000010 0.999930 0.000010 0.000010 0.000010 0.000010 0.000010
0.000010 0.000010 0.354057 0.000010 0.000010 0.000010 0.000010 0.645883
0.000010 0.000010 0.000010 0.000010 0.999930 0.000010 0.000010 0.000010
0.000010 0.918042 0.000010 0.081898 0.000010 0.000010 0.000010 0.000010
0.000010 0.940635 0.000010 0.000010 0.050252 0.000010 0.009062 0.000010
0.000010 0.000010 0.000010 0.999930 0.000010 0.000010 0.000010 0.000010
0.000010 0.917956 0.000010 0.081984 0.000010 0.000010 0.000010 0.000010
0.000010 0.916987 0.000010 0.078250 0.004713 0.000010 0.000010 0.000010
0.000010 0.950370 0.000010 0.049570 0.000010 0.000010 0.000010 0.000010
0.000010 0.890165 0.000010 0.109775 0.000010 0.000010 0.000010 0.000010
0.000010 0.904281 0.000010 0.095659 0.000010 0.000010 0.000010 0.000010
0.000010 0.876852 0.000010 0.123088 0.000010 0.000010 0.000010 0.000010
0.000010 0.971808 0.000010 0.028132 0.000010 0.000010 0.000010 0.000010
0.004501 0.800117 0.000010 0.013098 0.076358 0.031542 0.062103 0.012272
0.005068 0.773896 0.015035 0.008146 0.077320 0.026375 0.094150 0.000010
0.000010 0.830876 0.012658 0.000010 0.061933 0.031562 0.062940 0.000010
0.000010 0.000010 0.000010 0.000010 0.000010 0.999930 0.000010 0.000010
