0.000010 0.000010 0.000010 0.000010 0.000010 0.999930 0.000010 0.000010
0.000015 0.000010 0.000010 0.000010 0.000010 0.999925 0.000010 0.000010
0.000017 0.000011 0.000010 0.000012 0.000010 0.999920 0.000010 0.000010
0.000010 0.763558 0.000010 0.000010 0.000010 0.236382 0.000010 0.000010
0.000010 0.000010 0.999930 0.000010 0.000010 0.000010 0.000010 0.000010
0.000010 0.000010 0.000010 0.000010 0.000010 0.000010 0.000010 0.999930
0.000010 0.000010 0.000010 0.000010 0.000010 0.000010 0.000010 0.999930
0.000010 0.000010 0.000010 0.000010 0.000010 0.000010 0.000010 0.999930
0.000010 0.000010 0.999930 0.000010 0.000010 0.000010 0.000010 0.000010
0.000010 0.000010 0.999930 0.000010 0.000010 0.000010 0.000010 0.000010
0.000010 0.000010 0.999921 0.000010 0.000019 0.000010 0.000010 0.000010
0.000010 0.000010 0.094762 0.000010 0.000016 0.000010 0.000010 0.905173
0.000010 0.000010 0.000010 0.000010 0.999930 0.000010 0.000010 0.000010
0.000010 0.000010 0.000010 0.000010 0.000010 0.000010 0.000010 0.999930
0.000010 0.000010 0.000010 0.000010 0.072309 0.000010 0.000010 0.927631
0.000010 0.000010 0.000661 0.000010 0.056252 0.000010 0.000010 0.943037
0.000010 0.000010 0.000010 0.000010 0.076946 0.000010 0.000010 0.922994
0.999925 0.000013 0.000010 0.000010 0.000012 0.000011 0.000010 0.000010
0.000010 0.000010 0.000010 0.372943 0.000010 0.000010 0.626997 0.000010
0.000010 0.649115 0.000010 0.350825 0.000010 0.000010 0.000010 0.000010
0.000010 0.000010 0.000010 0.999923 0.000011 0.000016 0.000010 0.000010
0.000010 0.000010 0.000010 0.336659 0.000010 0.000010 0.663281 0.000010
0.005184 0.144592 0.000010 0.337543 0.000010 0.000010 0.512641 0.000010
0.000010 0.000010 0.000010 0.000010 0.000010 0.000010 0.999930 0.000010
0.000010 0.000010 0.000010 0.999930 0.000010 0.000010 0.000010 0.000010
0.000010 0.000010 0.000010 0.400941 0.000010 0.000010 0.598999 0.000010
0.000010 0.000010 0.000010 0.999930 0.000010 0.000010 0.000010 0.000010
0.000010 0.000010 0.000010 0.000010 0.000010 0.000010 0.999930 0.000010
0.000010 0.999930 0.000010 0.000010 0.000010 0.000010 0.000010 0.000010
0.000011 0.999926 0.000012 0.000011 0.000011 0.000010 0.000010 0.000010
0.000010 0.794215 0.000010 0.000010 0.000010 0.000010 0.205725 0.000010
0.000010 0.085604 0.049920 0.000010 0.008533 0.000010 0.000010 0.855903
