0.000010 0.000010 0.000010 0.999920 0.000010 0.000010 0.000010 0.000010 0.000010
0.000010 0.000010 0.000014 0.999906 0.000020 0.000010 0.000010 0.000010 0.000010
0.000012 0.000010 0.000010 0.999915 0.000013 0.000010 0.000010 0.000010 0.000010
0.750254 0.000010 0.000010 0.249676 0.000010 0.000010 0.000010 0.000010 0.000010
0.000010 0.000010 0.000010 0.000010 0.000010 0.000010 0.000010 0.000010 0.999920
0.000010 0.999920 0.000010 0.000010 0.000010 0.000010 0.000010 0.000010 0.000010
0.000010 0.999920 0.000010 0.000010 0.000010 0.000010 0.000010 0.000010 0.000010
0.000010 0.999920 0.000010 0.000010 0.000010 0.000010 0.000010 0.000010 0.000010
0.000010 0.000010 0.000010 0.000010 0.999920 0.000010 0.000010 0.000010 0.000010
0.000010 0.000010 0.000010 0.000010 0.000010 0.000010 0.000010 0.000010 0.999920
0.000010 0.000010 0.000010 0.000010 0.000010 0.000010 0.000010 0.000010 0.999920
0.000010 0.905825 0.000010 0.000010 0.043658 0.000010 0.000010 0.000010 0.050457
0.000010 0.000010 0.999920 0.000010 0.000010 0.000010 0.000010 0.000010 0.000010
0.000010 0.970793 0.000010 0.000010 0.029137 0.000010 0.000010 0.000010 0.000010
0.000010 0.928313 0.071617 0.000010 0.000010 0.000010 0.000010 0.000010 0.000010
0.000010 0.928808 0.056130 0.000010 0.000010 0.000010 0.000010 0.000010 0.015003
0.000010 0.924058 0.075867 0.000016 0.000010 0.000010 0.000010 0.000010 0.000010
0.000010 0.000010 0.000012 0.000010 0.000010 0.000010 0.000010 0.999918 0.000010
0.000010 0.000010 0.000010 0.000010 0.000010 0.865722 0.134208 0.000010 0.000010
0.999920 0.000010 0.000010 0.000010 0.000010 0.000010 0.000010 0.000010 0.000010
0.000010 0.000010 0.000010 0.000010 0.000010 0.655133 0.338242 0.006565 0.000010
0.000010 0.000010 0.000010 0.000010 0.000010 0.999920 0.000010 0.000010 0.000010
0.149040 0.000010 0.000010 0.000010 0.000010 0.700666 0.150172 0.000072 0.000010
0.000010 0.000010 0.000010 0.000010 0.000010 0.999920 0.000010 0.000010 0.000010
0.000010 0.000010 0.000010 0.000010 0.000010 0.000010 0.999920 0.000010 0.000010
0.000010 0.000010 0.000010 0.000010 0.000010 0.824555 0.175374 0.000011 0.000010
0.000010 0.000010 0.000010 0.000010 0.000010 0.000010 0.999920 0.000010 0.000010
0.000010 0.000010 0.000010 0.000010 0.000010 0.999920 0.000010 0.000010 0.000010
0.999920 0.000010 0.000010 0.000010 0.000010 0.000010 0.000010 0.000010 0.000010
0.999920 0.000010 0.000010 0.000010 0.000010 0.000010 0.000010 0.000010 0.000010
0.738552 0.000010 0.000010 0.002966 0.000010 0.258421 0.000010 0.000010 0.000010
0.084164 0.847191 0.007560 0.000010 0.000010 0.000010 0.000010 0.000010 0.061035
