0.000010 0.999920 0.000010 0.000010 0.000010 0.000010 0.000010 0.000010 0.000010
0.000010 0.999918 0.000010 0.000011 0.000011 0.000010 0.000010 0.000010 0.000010
0.000010 0.999919 0.000010 0.000011 0.000010 0.000010 0.000010 0.000010 0.000010
0.000010 0.278794 0.547080 0.051466 0.046609 0.000010 0.000010 0.045004 0.031016
0.000010 0.000010 0.000010 0.000010 0.000010 0.000010 0.999920 0.000010 0.000010
0.000010 0.000010 0.000010 0.000010 0.000010 0.000010 0.000010 0.999920 0.000010
0.000010 0.000010 0.000010 0.000010 0.000010 0.000010 0.000010 0.999920 0.000010
0.000010 0.000010 0.000010 0.000010 0.000010 0.000010 0.000010 0.999920 0.000010
0.000010 0.000010 0.000010 0.000010 0.000010 0.000010 0.999920 0.000010 0.000010
0.000011 0.000010 0.000011 0.000010 0.000010 0.000017 0.999910 0.000010 0.000010
0.000010 0.000010 0.000010 0.000010 0.000010 0.000010 0.999920 0.000010 0.000010
0.000010 0.000010 0.000010 0.000010 0.000010 0.000010 0.103630 0.896300 0.000010
0.000010 0.000010 0.000010 0.000010 0.000010 0.999920 0.000010 0.000010 0.000010
0.000010 0.000010 0.000010 0.000010 0.000010 0.000010 0.000010 0.999920 0.000010
0.000010 0.000010 0.000010 0.000010 0.000010 0.072095 0.000010 0.927835 0.000010
0.000010 0.000010 0.000010 0.000010 0.000010 0.055998 0.000010 0.943932 0.000010
0.000010 0.000010 0.000010 0.000010 0.000010 0.077090 0.000010 0.922840 0.000010
0.000010 0.000010 0.000010 0.999920 0.000010 0.000010 0.000010 0.000010 0.000010
0.177913 0.000010 0.822017 0.000010 0.000010 0.000010 0.000010 0.000010 0.000010
0.000010 0.000010 0.000010 0.000010 0.999917 0.000013 0.000010 0.000010 0.000010
0.324243 0.000010 0.668395 0.000010 0.007301 0.000010 0.000010 0.000010 0.000010
0.152023 0.000010 0.847907 0.000010 0.000010 0.000010 0.000010 0.000010 0.000010
0.171615 0.000010 0.810117 0.004743 0.013476 0.000010 0.000010 0.000010 0.000010
0.000010 0.000010 0.999920 0.000010 0.000010 0.000010 0.000010 0.000010 0.000010
0.999920 0.000010 0.000010 0.000010 0.000010 0.000010 0.000010 0.000010 0.000010
0.210216 0.000010 0.789714 0.000010 0.000010 0.000010 0.000010 0.000010 0.000010
0.999911 0.000010 0.000010 0.000010 0.000010 0.000011 0.000018 0.000010 0.000010
0.000010 0.000010 0.999920 0.000010 0.000010 0.000010 0.000010 0.000010 0.000010
0.009545 0.059832 0.652342 0.074775 0.166354 0.000010 0.006813 0.000010 0.030320
0.040128 0.093731 0.609471 0.075968 0.139626 0.000010 0.009627 0.003850 0.027588
0.000010 0.057685 0.752813 0.058975 0.096317 0.010738 0.000010 0.000010 0.023441
0.000010 0.000010 0.000010 0.000010 0.000010 0.000010 0.000010 0.000010 0.999920
