0.000010 0.000010 0.000010 0.000010 0.000010 0.999940 0.000010
0.000010 0.000010 0.000010 0.000010 0.000010 0.999940 0.000010
0.000010 0.000010 0.000020 0.000010 0.000010 0.999930 0.000010
0.000010 0.584630 0.055721 0.077889 0.000010 0.281730 0.000010
0.000010 0.000010 0.000010 0.000010 0.999940 0.000010 0.000010
0.365530 0.000010 0.000014 0.634416 0.000010 0.000010 0.000010
0.343579 0.000010 0.000010 0.656371 0.000010 0.000010 0.000010
0.416417 0.000010 0.000010 0.583533 0.000010 0.000010 0.000010
0.000010 0.000010 0.000010 0.000010 0.999940 0.000010 0.000010
0.000010 0.000010 0.000010 0.000010 0.999940 0.000010 0.000010
0.000018 0.000010 0.000010 0.000013 0.999928 0.000010 0.000010
0.000010 0.000010 0.000010 0.999940 0.000010 0.000010 0.000010
0.999940 0.000010 0.000010 0.000010 0.000010 0.000010 0.000010
0.000010 0.000013 0.000010 0.999934 0.000010 0.000013 0.000010
0.999930 0.000010 0.000010 0.000010 0.000020 0.000010 0.000010
0.999940 0.000010 0.000010 0.000010 0.000010 0.000010 0.000010
0.592815 0.000010 0.000010 0.407135 0.000010 0.000010 0.000010
0.000012 0.000020 0.999925 0.000013 0.000010 0.000010 0.000010
0.000010 0.798647 0.000010 0.000010 0.000010 0.000010 0.201303
0.000010 0.000010 0.000010 0.000010 0.000010 0.000010 0.999940
0.000010 0.565794 0.000010 0.000010 0.000010 0.000010 0.434156
0.000010 0.841818 0.000010 0.000010 0.000010 0.000010 0.158132
0.000010 0.758243 0.004608 0.000010 0.000010 0.000010 0.237109
0.000010 0.999940 0.000010 0.000010 0.000010 0.000010 0.000010
0.000010 0.000010 0.000010 0.000010 0.000010 0.000010 0.999940
0.000010 0.745693 0.000010 0.000010 0.000010 0.000010 0.254257
0.000010 0.000010 0.000010 0.000010 0.000010 0.000010 0.999940
0.000010 0.999940 0.000010 0.000010 0.000010 0.000010 0.000010
0.000010 0.581541 0.076566 0.050088 0.000010 0.063778 0.228006
0.000010 0.546913 0.077332 0.048869 0.000010 0.096322 0.230542
0.000010 0.836455 0.069123 0.030808 0.000010 0.063584 0.000010
0.000010 0.000010 0.000010 0.999940 0.000010 0.000010 0.000010
