0.000016 0.109979 0.889975 0.000010 0.000010 0.000010
0.000010 0.000010 0.000010 0.999950 0.000010 0.000010
0.000010 0.000010 0.000018 0.999942 0.000010 0.000010
0.000010 0.000010 0.000010 0.999950 0.000010 0.000010
0.000010 0.000010 0.000010 0.999950 0.000010 0.000010
0.000010 0.000010 0.000010 0.999950 0.000010 0.000010
0.000010 0.000010 0.000010 0.999950 0.000010 0.000010
0.000010 0.000010 0.000010 0.999950 0.000010 0.000010
0.000010 0.000010 0.000010 0.999950 0.000010 0.000010
0.000010 0.000013 0.999947 0.000010 0.000010 0.000010
0.000010 0.000011 0.999949 0.000010 0.000010 0.000010
0.000010 0.000010 0.999950 0.000010 0.000010 0.000010
0.000010 0.000010 0.999950 0.000010 0.000010 0.000010
0.000010 0.000016 0.999944 0.000010 0.000010 0.000010
0.000012 0.000011 0.999947 0.000010 0.000010 0.000010
0.000010 0.000011 0.999949 0.000010 0.000010 0.000010
0.000010 0.000010 0.999950 0.000010 0.000010 0.000010
0.000010 0.000019 0.999941 0.000010 0.000010 0.000010
0.000020 0.000010 0.000010 0.000017 0.999933 0.000010
0.000010 0.000010 0.000010 0.000010 0.999950 0.000010
0.000011 0.000010 0.439288 0.261532 0.299148 0.000010
0.000010 0.000010 0.449234 0.259513 0.291224 0.000010
0.000010 0.000010 0.000011 0.999947 0.000012 0.000010
0.000016 0.000010 0.000010 0.000010 0.999944 0.000010
0.000010 0.000010 0.387170 0.457456 0.155344 0.000010
0.000010 0.000010 0.000010 0.999949 0.000011 0.000010
0.000010 0.000010 0.479269 0.041885 0.160374 0.318452
0.000012 0.000010 0.932326 0.000010 0.067632 0.000010
0.000010 0.000010 0.479280 0.213936 0.306754 0.000010
0.000016 0.000010 0.000010 0.000010 0.999944 0.000010
0.000015 0.000010 0.000010 0.000010 0.999945 0.000010
0.000010 0.000010 0.000010 0.000010 0.999950 0.000010
0.000010 0.999950 0.000010 0.000010 0.000010 0.000010
0.000010 0.999950 0.000010 0.000010 0.000010 0.000010
0.999950 0.000010 0.000010 0.000010 0.000010 0.000010
0.999950 0.000010 0.000010 0.000010 0.000010 0.000010
0.999945 0.000010 0.000010 0.000015 0.000010 0.000010
0.999950 0.000010 0.000010 0.000010 0.000010 0.000010
0.999944 0.000016 0.000010 0.000010 0.000010 0.000010
0.000010 0.999950 0.000010 0.000010 0.000010 0.000010
0.000010 0.999950 0.000010 0.000010 0.000010 0.000010
0.000010 0.000010 0.000010 0.000010 0.000010 0.999950
0.999950 0.000010 0.000010 0.000010 0.000010 0.000010
0.999950 0.000010 0.000010 0.000010 0.000010 0.000010
0.000010 0.999949 0.000011 0.000010 0.000010 0.000010
0.000010 0.000013 0.999947 0.000010 0.000010 0.000010
0.000010 0.000010 0.000010 0.999950 0.000010 0.000010
0.000010 0.000010 0.999950 0.000010 0.000010 0.000010
0.000010 0.999950 0.000010 0.000010 0.000010 0.000010
0.000010 0.999950 0.000010 0.000010 0.000010 0.000010
0.000010 0.999950 0.000010 0.000010 0.000010 0.000010
0.999945 0.000010 0.000015 0.000010 0.000010 0.000010
0.000010 0.999950 0.000010 0.000010 0.000010 0.000010
0.000010 0.999950 0.000010 0.000010 0.000010 0.000010
0.000010 0.999950 0.000010 0.000010 0.000010 0.000010
0.000010 0.999950 0.000010 0.000010 0.000010 0.000010
0.000010 0.000010 0.999950 0.000010 0.000010 0.000010
0.999950 0.000010 0.000010 0.000010 0.000010 0.000010
