0.204638 0.338751 0.291771 0.312476 0.215460 0.263332 0.293940 0.313472 0.232390
0.338751 0.217473 0.313645 0.332978 0.337596 0.335747 0.316977 0.331158 0.352805
0.291771 0.313645 0.259112 0.298649 0.290709 0.287242 0.274036 0.299530 0.305800
0.312476 0.332978 0.298649 0.261464 0.311097 0.313095 0.293746 0.275619 0.326585
0.215460 0.337596 0.290709 0.311097 0.204074 0.262516 0.292861 0.312037 0.227701
0.263332 0.335747 0.287242 0.313095 0.262516 0.253584 0.290452 0.314287 0.277213
0.293940 0.316977 0.274036 0.293746 0.292861 0.290452 0.255323 0.295596 0.308025
0.313472 0.331158 0.299530 0.275619 0.312037 0.314287 0.295596 0.235592 0.327556
0.232390 0.352805 0.305800 0.326585 0.227701 0.277213 0.308025 0.327556 0.235039
