0	0.00579371	0.0059632	0.00867734	0.00833041	0.0090013	0.00871291	0.00854457	0.00763659	0.00790341	0.00785405	0.00819983	0.00792127	0.00800923	0.00837042	0.00545563	0.00561902	0.00542289	0.00591547	0.0057816	0.00548158	0.00566142	0.00582226	0.00570749	0.00568327	0.00589539	0.00567626	0.0055812	0.00550742	0.00572033	0.00573635	0.00622944	0.00573752	0.00616598	0.00668224	0.007042	0.00776007	0.00795763	0.00692965	0.00750398	0.00789738	0.00869661	0.00842572	0.00815806	0.00665882
0.00579371	0	0.00610447	0.00875101	0.00840997	0.00905208	0.00882102	0.00860535	0.00772457	0.00797506	0.00791945	0.0082878	0.0080233	0.00807037	0.00846603	0.00558735	0.00570061	0.00549663	0.00601597	0.0058612	0.00561424	0.00572949	0.00595037	0.00585437	0.00573925	0.0059824	0.00585461	0.00566785	0.00556161	0.00579746	0.00567681	0.00594787	0.00585815	0.00633282	0.00680706	0.00711757	0.0078637	0.00804355	0.00701438	0.00757568	0.00798412	0.00876781	0.00850936	0.0082239	0.00680433
0.0059632	0.00610447	0	0.00883685	0.00847023	0.00916498	0.00889927	0.00871408	0.00783526	0.00804573	0.00802957	0.00840224	0.0081262	0.00822177	0.00853679	0.00548488	0.00565349	0.00557818	0.00600523	0.00586795	0.00565078	0.00573101	0.00590315	0.00582772	0.00579935	0.00602233	0.00581337	0.00578614	0.00568531	0.00589309	0.00601744	0.00646873	0.0057523	0.00639249	0.00689825	0.00724538	0.0079064	0.00812977	0.00706942	0.00767088	0.00808525	0.0089154	0.00862158	0.00837319	0.00680651
0.00867734	0.00875101	0.00883685	0	0.00568201	0.00638216	0.00889063	0.00867886	0.00780776	0.00804191	0.00797555	0.00836537	0.00807034	0.00815187	0.00852687	0.00828257	0.00843515	0.00831799	0.00846254	0.00849018	0.00843525	0.0083966	0.00857625	0.00863687	0.00841572	0.0087128	0.00850116	0.00856932	0.00841742	0.0086752	0.00867668	0.00906206	0.0085273	0.00911854	0.00852022	0.00847191	0.00804214	0.00830606	0.00850078	0.00908618	0.00821108	0.00887313	0.00864292	0.00830728	0.00915862
0.00833041	0.00840997	0.00847023	0.00568201	0	0.00601759	0.00853899	0.00834908	0.00740796	0.00767764	0.00764749	0.00802935	0.00774659	0.0077872	0.00818638	0.00793496	0.00808545	0.00797536	0.00811261	0.00816432	0.00805268	0.00805857	0.00819345	0.00825253	0.00805465	0.0083616	0.00816312	0.00821779	0.00808546	0.00832662	0.00830683	0.00877968	0.00815779	0.00877586	0.00813515	0.00814615	0.00770967	0.00796681	0.00817091	0.00873524	0.00785284	0.00854275	0.00828088	0.0079901	0.00881766
0.0090013	0.00905208	0.00916498	0.00638216	0.00601759	0	0.00925632	0.00902934	0.00810408	0.00839559	0.00832806	0.00872083	0.0084746	0.00850104	0.00891536	0.00862834	0.00880254	0.0086241	0.00880606	0.00883744	0.00873879	0.00872697	0.00890179	0.00893489	0.00875367	0.0090285	0.008825	0.0089259	0.00875503	0.00900723	0.00899356	0.00940965	0.00882944	0.00942391	0.00883851	0.0088025	0.00839303	0.0086409	0.00885271	0.00942004	0.00853061	0.00919716	0.00897168	0.00864471	0.00944558
0.00871291	0.00882102	0.00889927	0.00889063	0.00853899	0.00925632	0	0.0085656	0.00780259	0.00798281	0.00791052	0.00856403	0.00821867	0.00832991	0.0087305	0.00834205	0.00850719	0.00838594	0.0085699	0.00853947	0.00849607	0.00843904	0.00859911	0.00866041	0.00844429	0.00872998	0.00854725	0.00858716	0.00846668	0.00871793	0.0087178	0.00916612	0.00860672	0.00916127	0.00852155	0.00841449	0.00805078	0.00822264	0.00844599	0.00769255	0.00817366	0.00904355	0.00872709	0.008447	0.00920106
0.00854457	0.00860535	0.00871408	0.00867886	0.00834908	0.00902934	0.0085656	0	0.00752685	0.00777555	0.0077577	0.00834654	0.00803241	0.0081585	0.00852481	0.00816801	0.00829883	0.00818223	0.00840765	0.00835481	0.00829193	0.00825989	0.00842978	0.00844431	0.00823166	0.00856582	0.00832079	0.00841897	0.008255	0.00847723	0.00851248	0.0089136	0.00841059	0.00894198	0.00830734	0.0082304	0.00787342	0.008087	0.00827395	0.00888002	0.00796469	0.00880686	0.00853534	0.00821993	0.00898513
0.00763659	0.00772457	0.00783526	0.00780776	0.00740796	0.00810408	0.00780259	0.00752685	0	0.00686937	0.0068152	0.00744585	0.00709151	0.00722235	0.00764308	0.00724349	0.00742101	0.00725317	0.00750074	0.00749316	0.00738509	0.00738013	0.00752423	0.00757661	0.00738021	0.00766628	0.00743966	0.00753316	0.00741223	0.00765586	0.0076431	0.00808529	0.0075107	0.00810116	0.00742837	0.00738229	0.00698989	0.00719796	0.00741515	0.00798394	0.00711098	0.00793721	0.00765622	0.00736483	0.00812846
0.00790341	0.00797506	0.00804573	0.00804191	0.00767764	0.00839559	0.00798281	0.00777555	0.00686937	0	0.00686689	0.00767289	0.00735922	0.00748824	0.00783613	0.00748748	0.00767177	0.00752899	0.00773711	0.00771077	0.00763173	0.00761041	0.0077154	0.00780473	0.00763228	0.00789691	0.00771817	0.00771992	0.00762614	0.00789628	0.00788309	0.0083292	0.00777339	0.00832875	0.00767702	0.00765671	0.0072132	0.00746791	0.00763122	0.00823303	0.00737257	0.00816413	0.00790481	0.00759227	0.00836799
0.00785405	0.00791945	0.00802957	0.00797555	0.00764749	0.00832806	0.00791052	0.0077577	0.0068152	0.00686689	0	0.00762177	0.00732664	0.00745087	0.00778438	0.00743454	0.00759228	0.00746854	0.00768931	0.00768519	0.00758853	0.00751977	0.00771957	0.00779833	0.00757429	0.00783613	0.00762659	0.007717	0.00758718	0.00784975	0.00781794	0.00830492	0.00770183	0.00828482	0.00762726	0.00756034	0.00718594	0.00739832	0.0075983	0.00819933	0.00729625	0.00810973	0.00784705	0.00752987	0.00832316
0.00819983	0.0082878	0.00840224	0.00836537	0.00802935	0.00872083	0.00856403	0.00834654	0.00744585	0.00767289	0.00762177	0	0.00505216	0.00515422	0.00564421	0.00782159	0.00798376	0.00784283	0.00794437	0.00799139	0.0079439	0.00790403	0.00811436	0.00815621	0.00790857	0.00823482	0.00797971	0.00813692	0.00792467	0.00819659	0.00819467	0.0086289	0.0080941	0.0086303	0.00808046	0.00805588	0.00768462	0.00796661	0.00802452	0.00865471	0.00786188	0.00715766	0.00693929	0.0067303	0.00865224
0.00792127	0.0080233	0.0081262	0.00807034	0.00774659	0.0084746	0.00821867	0.00803241	0.00709151	0.00735922	0.00732664	0.00505216	0	0.00482517	0.00533721	0.00750871	0.00765919	0.00753496	0.00766417	0.00770931	0.00762988	0.0076213	0.0078133	0.00784507	0.00762545	0.00792484	0.00770329	0.00779803	0.00763941	0.00792616	0.0079144	0.00835008	0.00783417	0.00837106	0.00773129	0.00769089	0.00740626	0.00762506	0.0077019	0.00832302	0.00750684	0.00681262	0.00658585	0.00636954	0.00837368
0.00800923	0.00807037	0.00822177	0.00815187	0.0077872	0.00850104	0.00832991	0.0081585	0.00722235	0.00748824	0.00745087	0.00515422	0.00482517	0	0.0054082	0.00761867	0.00777552	0.00764603	0.00777676	0.00782177	0.00778392	0.00770176	0.00790866	0.0079539	0.00772043	0.00804358	0.00781573	0.00788587	0.0077796	0.00799358	0.00797374	0.00846683	0.0078806	0.00843424	0.00785099	0.00783188	0.00746513	0.00773481	0.00782333	0.00841725	0.00764362	0.00689804	0.00668148	0.00646358	0.00847797
0.00837042	0.00846603	0.00853679	0.00852687	0.00818638	0.00891536	0.0087305	0.00852481	0.00764308	0.00783613	0.00778438	0.00564421	0.00533721	0.0054082	0	0.00799109	0.0081183	0.00799235	0.00809329	0.00817659	0.00814038	0.00807772	0.00825933	0.00832874	0.00808024	0.00837464	0.00816609	0.00824015	0.00808868	0.00837844	0.00833826	0.00881788	0.00829732	0.00882443	0.00824352	0.00820446	0.0078917	0.00815306	0.00820906	0.00886293	0.00805375	0.00733687	0.0071149	0.00691711	0.00883779
0.00545563	0.00558735	0.00548488	0.00828257	0.00793496	0.00862834	0.00834205	0.00816801	0.00724349	0.00748748	0.00743454	0.00782159	0.00750871	0.00761867	0.00799109	0	0.00502491	0.00500482	0.00523713	0.00510733	0.00507429	0.00496946	0.00529453	0.00523574	0.00511777	0.00538306	0.00480596	0.00530418	0.00516087	0.00544945	0.00551515	0.00603192	0.00458497	0.00586468	0.00631617	0.00665041	0.00733077	0.00752489	0.00650996	0.00708968	0.00747101	0.00836779	0.00808315	0.00779175	0.00619891
0.00561902	0.00570061	0.00565349	0.00843515	0.00808545	0.00880254	0.00850719	0.00829883	0.00742101	0.00767177	0.00759228	0.00798376	0.00765919	0.00777552	0.0081183	0.00502491	0	0.00506041	0.00543577	0.00534296	0.00522987	0.00518023	0.00524551	0.00539215	0.00526404	0.00544625	0.00525949	0.00547179	0.00522931	0.00554617	0.00558782	0.00610568	0.00536296	0.00591365	0.00650077	0.00676515	0.00752085	0.00769887	0.00666728	0.00728526	0.00769704	0.00849125	0.00823328	0.00792684	0.00634729
0.00542289	0.00549663	0.00557818	0.00831799	0.00797536	0.0086241	0.00838594	0.00818223	0.00725317	0.00752899	0.00746854	0.00784283	0.00753496	0.00764603	0.00799235	0.00500482	0.00506041	0	0.00541732	0.00529256	0.00504696	0.00514426	0.00548258	0.00530019	0.00520595	0.0054054	0.00521536	0.00521988	0.00513562	0.00544405	0.00544389	0.00596821	0.00531812	0.00586672	0.00635416	0.0066394	0.00739556	0.00756641	0.00652775	0.0071508	0.00754515	0.00836589	0.00809816	0.00781398	0.00633881
0.00591547	0.00601597	0.00600523	0.00846254	0.00811261	0.00880606	0.0085699	0.00840765	0.00750074	0.00773711	0.00768931	0.00794437	0.00766417	0.00777676	0.00809329	0.00523713	0.00543577	0.00541732	0	0.00512276	0.0055181	0.00520188	0.00539472	0.00559978	0.004843	0.00579262	0.00537871	0.00581122	0.00547975	0.00583255	0.00591824	0.00637374	0.00555648	0.00623277	0.00663502	0.00693725	0.00758406	0.00779316	0.00682198	0.00736691	0.00773774	0.00849683	0.00828809	0.00796228	0.0061969
0.0057816	0.0058612	0.00586795	0.00849018	0.00816432	0.00883744	0.00853947	0.00835481	0.00749316	0.00771077	0.00768519	0.00799139	0.00770931	0.00782177	0.00817659	0.00510733	0.00534296	0.00529256	0.00512276	0	0.00537668	0.00506049	0.00536082	0.00551383	0.0044463	0.00567304	0.00507791	0.0056413	0.00538155	0.00571454	0.00574635	0.00621897	0.00533408	0.00604911	0.0065479	0.00687498	0.00758543	0.0077964	0.0067096	0.00732674	0.00775051	0.00853288	0.0082648	0.00796988	0.00617948
0.00548158	0.00561424	0.00565078	0.00843525	0.00805268	0.00873879	0.00849607	0.00829193	0.00738509	0.00763173	0.00758853	0.0079439	0.00762988	0.00778392	0.00814038	0.00507429	0.00522987	0.00504696	0.0055181	0.00537668	0	0.00522549	0.00546256	0.00541229	0.0053041	0.00553955	0.00533268	0.00535791	0.00518748	0.00545756	0.00555948	0.00601605	0.00544222	0.00596811	0.00645945	0.00676316	0.00745512	0.00770061	0.00662728	0.00724653	0.00763163	0.00845203	0.00816783	0.00789391	0.00633142
0.00566142	0.00572949	0.00573101	0.0083966	0.00805857	0.00872697	0.00843904	0.00825989	0.00738013	0.00761041	0.00751977	0.00790403	0.0076213	0.00770176	0.00807772	0.00496946	0.00518023	0.00514426	0.00520188	0.00506049	0.00522549	0	0.00533508	0.00539187	0.00485449	0.00546428	0.00498042	0.0055055	0.00528645	0.00555544	0.00565413	0.00611429	0.00520789	0.00599621	0.00640026	0.00672156	0.00746968	0.00764181	0.00660465	0.00721654	0.00760969	0.00843092	0.00820355	0.00789654	0.00608392
0.00582226	0.00595037	0.00590315	0.00857625	0.00819345	0.00890179	0.00859911	0.00842978	0.00752423	0.0077154	0.00771957	0.00811436	0.0078133	0.00790866	0.00825933	0.00529453	0.00524551	0.00548258	0.00539472	0.00536082	0.00546256	0.00533508	0	0.00570429	0.00536363	0.00578892	0.00544157	0.00564167	0.00552388	0.00574469	0.00581827	0.00630204	0.00551249	0.00620739	0.00660441	0.00690572	0.00762341	0.00783108	0.00677228	0.00737824	0.00778902	0.00858167	0.00833032	0.00806368	0.00623442
0.00570749	0.00585437	0.00582772	0.00863687	0.00825253	0.00893489	0.00866041	0.00844431	0.00757661	0.00780473	0.00779833	0.00815621	0.00784507	0.0079539	0.00832874	0.00523574	0.00539215	0.00530019	0.00559978	0.00551383	0.00541229	0.00539187	0.00570429	0	0.00546954	0.00564305	0.00545027	0.00559857	0.00537619	0.00560821	0.00573442	0.00621586	0.00550097	0.00585866	0.00664638	0.00697733	0.00769268	0.00785715	0.00682594	0.00744109	0.00782934	0.00862847	0.00839619	0.00809406	0.00648305
0.00568327	0.00573925	0.00579935	0.00841572	0.00805465	0.00875367	0.00844429	0.00823166	0.00738021	0.00763228	0.00757429	0.00790857	0.00762545	0.00772043	0.00808024	0.00511777	0.00526404	0.00520595	0.004843	0.0044463	0.0053041	0.00485449	0.00536363	0.00546954	0	0.00556668	0.00491969	0.00556521	0.00533524	0.00565469	0.00566778	0.00614893	0.00529016	0.00605733	0.00645338	0.0067382	0.00747835	0.00766176	0.006599	0.00723945	0.00763339	0.00841889	0.00819641	0.00789949	0.0060554
0.00589539	0.0059824	0.00602233	0.0087128	0.0083616	0.0090285	0.00872998	0.00856582	0.00766628	0.00789691	0.00783613	0.00823482	0.00792484	0.00804358	0.00837464	0.00538306	0.00544625	0.0054054	0.00579262	0.00567304	0.00553955	0.00546428	0.00578892	0.00564305	0.00556668	0	0.00563464	0.00574319	0.00556714	0.00578929	0.00589766	0.00636021	0.00570755	0.00625437	0.00677847	0.00704741	0.00777278	0.00795796	0.00689374	0.0075239	0.00789769	0.00873249	0.00848806	0.00819062	0.00659285
0.00567626	0.00585461	0.00581337	0.00850116	0.00816312	0.008825	0.00854725	0.00832079	0.00743966	0.00771817	0.00762659	0.00797971	0.00770329	0.00781573	0.00816609	0.00480596	0.00525949	0.00521536	0.00537871	0.00507791	0.00533268	0.00498042	0.00544157	0.00545027	0.00491969	0.00563464	0	0.00559521	0.00530502	0.00564016	0.00574137	0.00616469	0.00468126	0.00607786	0.00654638	0.00682652	0.00755484	0.00773276	0.00667335	0.00728594	0.00771266	0.00850319	0.00826878	0.0079483	0.0062414
0.0055812	0.00566785	0.00578614	0.00856932	0.00821779	0.0089259	0.00858716	0.00841897	0.00753316	0.00771992	0.007717	0.00813692	0.00779803	0.00788587	0.00824015	0.00530418	0.00547179	0.00521988	0.00581122	0.0056413	0.00535791	0.0055055	0.00564167	0.00559857	0.00556521	0.00574319	0.00559521	0	0.00537232	0.00559646	0.00557024	0.0060789	0.00558396	0.00613547	0.00657389	0.00690012	0.00761357	0.00779553	0.00679849	0.00740004	0.00778415	0.00861397	0.00831063	0.00807611	0.00658894
0.00550742	0.00556161	0.00568531	0.00841742	0.00808546	0.00875503	0.00846668	0.008255	0.00741223	0.00762614	0.00758718	0.00792467	0.00763941	0.0077796	0.00808868	0.00516087	0.00522931	0.00513562	0.00547975	0.00538155	0.00518748	0.00528645	0.00552388	0.00537619	0.00533524	0.00556714	0.00530502	0.00537232	0	0.00548237	0.00548388	0.0059614	0.00539192	0.00590718	0.00647219	0.0067434	0.00748544	0.00767342	0.00661312	0.00725735	0.00762933	0.00844634	0.00820421	0.00791299	0.00639253
0.00572033	0.00579746	0.00589309	0.0086752	0.00832662	0.00900723	0.00871793	0.00847723	0.00765586	0.00789628	0.00784975	0.00819659	0.00792616	0.00799358	0.00837844	0.00544945	0.00554617	0.00544405	0.00583255	0.00571454	0.00545756	0.00555544	0.00574469	0.00560821	0.00565469	0.00578929	0.00564016	0.00559646	0.00548237	0	0.00571556	0.00613506	0.00566237	0.00616579	0.00679282	0.00705668	0.00776858	0.00798058	0.00691431	0.00753162	0.00792092	0.00873823	0.00848768	0.00816337	0.00667559
0.00573635	0.00567681	0.00601744	0.00867668	0.00830683	0.00899356	0.0087178	0.00851248	0.0076431	0.00788309	0.00781794	0.00819467	0.0079144	0.00797374	0.00833826	0.00551515	0.00558782	0.00544389	0.00591824	0.00574635	0.00555948	0.00565413	0.00581827	0.00573442	0.00566778	0.00589766	0.00574137	0.00557024	0.00548388	0.00571556	0	0.00608992	0.00582875	0.00622609	0.00669977	0.00704471	0.00774355	0.00793916	0.00691911	0.00750787	0.00788465	0.00869558	0.00843384	0.00815739	0.00671621
0.00622944	0.00594787	0.00646873	0.00906206	0.00877968	0.00940965	0.00916612	0.0089136	0.00808529	0.0083292	0.00830492	0.0086289	0.00835008	0.00846683	0.00881788	0.00603192	0.00610568	0.00596821	0.00637374	0.00621897	0.00601605	0.00611429	0.00630204	0.00621586	0.00614893	0.00636021	0.00616469	0.0060789	0.0059614	0.00613506	0.00608992	0	0.00627749	0.006672	0.00722214	0.00744731	0.00822114	0.0083818	0.00737651	0.00799052	0.00834037	0.00912477	0.00890773	0.00857713	0.00712769
0.00573752	0.00585815	0.0057523	0.0085273	0.00815779	0.00882944	0.00860672	0.00841059	0.0075107	0.00777339	0.00770183	0.0080941	0.00783417	0.0078806	0.00829732	0.00458497	0.00536296	0.00531812	0.00555648	0.00533408	0.00544222	0.00520789	0.00551249	0.00550097	0.00529016	0.00570755	0.00468126	0.00558396	0.00539192	0.00566237	0.00582875	0.00627749	0	0.00607124	0.00656771	0.00693893	0.00760846	0.0078159	0.00676414	0.00731531	0.00777708	0.00858408	0.00831053	0.008057	0.00639613
0.00616598	0.00633282	0.00639249	0.00911854	0.00877586	0.00942391	0.00916127	0.00894198	0.00810116	0.00832875	0.00828482	0.0086303	0.00837106	0.00843424	0.00882443	0.00586468	0.00591365	0.00586672	0.00623277	0.00604911	0.00596811	0.00599621	0.00620739	0.00585866	0.00605733	0.00625437	0.00607786	0.00613547	0.00590718	0.00616579	0.00622609	0.006672	0.00607124	0	0.00716006	0.00749223	0.00819786	0.00838211	0.00732471	0.0079327	0.00832428	0.0091246	0.00888937	0.00861157	0.00701961
0.00668224	0.00680706	0.00689825	0.00852022	0.00813515	0.00883851	0.00852155	0.00830734	0.00742837	0.00767702	0.00762726	0.00808046	0.00773129	0.00785099	0.00824352	0.00631617	0.00650077	0.00635416	0.00663502	0.0065479	0.00645945	0.00640026	0.00660441	0.00664638	0.00645338	0.00677847	0.00654638	0.00657389	0.00647219	0.00679282	0.00669977	0.00722214	0.00656771	0.00716006	0	0.00687191	0.00755664	0.00772546	0.00677001	0.00738619	0.00767157	0.00852072	0.00825488	0.00799646	0.00720346
0.007042	0.00711757	0.00724538	0.00847191	0.00814615	0.0088025	0.00841449	0.0082304	0.00738229	0.00765671	0.00756034	0.00805588	0.00769089	0.00783188	0.00820446	0.00665041	0.00676515	0.0066394	0.00693725	0.00687498	0.00676316	0.00672156	0.00690572	0.00697733	0.0067382	0.00704741	0.00682652	0.00690012	0.0067434	0.00705668	0.00704471	0.00744731	0.00693893	0.00749223	0.00687191	0	0.00746567	0.00767697	0.00686517	0.00739388	0.00756877	0.0084653	0.00822355	0.00793357	0.007518
0.00776007	0.0078637	0.0079064	0.00804214	0.00770967	0.00839303	0.00805078	0.00787342	0.00698989	0.0072132	0.00718594	0.00768462	0.00740626	0.00746513	0.0078917	0.00733077	0.00752085	0.00739556	0.00758406	0.00758543	0.00745512	0.00746968	0.00762341	0.00769268	0.00747835	0.00777278	0.00755484	0.00761357	0.00748544	0.00776858	0.00774355	0.00822114	0.00760846	0.00819786	0.00755664	0.00746567	0	0.00717262	0.00757007	0.00810167	0.00721141	0.00820496	0.00788103	0.00763678	0.00821071
0.00795763	0.00804355	0.00812977	0.00830606	0.00796681	0.0086409	0.00822264	0.008087	0.00719796	0.00746791	0.00739832	0.00796661	0.00762506	0.00773481	0.00815306	0.00752489	0.00769887	0.00756641	0.00779316	0.0077964	0.00770061	0.00764181	0.00783108	0.00785715	0.00766176	0.00795796	0.00773276	0.00779553	0.00767342	0.00798058	0.00793916	0.0083818	0.0078159	0.00838211	0.00772546	0.00767697	0.00717262	0	0.00773512	0.00827066	0.00733663	0.00837131	0.00811159	0.00782776	0.00839881
0.00692965	0.00701438	0.00706942	0.00850078	0.00817091	0.00885271	0.00844599	0.00827395	0.00741515	0.00763122	0.0075983	0.00802452	0.0077019	0.00782333	0.00820906	0.00650996	0.00666728	0.00652775	0.00682198	0.0067096	0.00662728	0.00660465	0.00677228	0.00682594	0.006599	0.00689374	0.00667335	0.00679849	0.00661312	0.00691431	0.00691911	0.00737651	0.00676414	0.00732471	0.00677001	0.00686517	0.00757007	0.00773512	0	0.00733627	0.00765677	0.00853715	0.00826876	0.00795439	0.00741164
0.00750398	0.00757568	0.00767088	0.00908618	0.00873524	0.00942004	0.00769255	0.00888002	0.00798394	0.00823303	0.00819933	0.00865471	0.00832302	0.00841725	0.00886293	0.00708968	0.00728526	0.0071508	0.00736691	0.00732674	0.00724653	0.00721654	0.00737824	0.00744109	0.00723945	0.0075239	0.00728594	0.00740004	0.00725735	0.00753162	0.00750787	0.00799052	0.00731531	0.0079327	0.00738619	0.00739388	0.00810167	0.00827066	0.00733627	0	0.00825006	0.00909643	0.00882561	0.00857404	0.00799242
0.00789738	0.00798412	0.00808525	0.00821108	0.00785284	0.00853061	0.00817366	0.00796469	0.00711098	0.00737257	0.00729625	0.00786188	0.00750684	0.00764362	0.00805375	0.00747101	0.00769704	0.00754515	0.00773774	0.00775051	0.00763163	0.00760969	0.00778902	0.00782934	0.00763339	0.00789769	0.00771266	0.00778415	0.00762933	0.00792092	0.00788465	0.00834037	0.00777708	0.00832428	0.00767157	0.00756877	0.00721141	0.00733663	0.00765677	0.00825006	0	0.0083019	0.0080045	0.00772194	0.00834029
0.00869661	0.00876781	0.0089154	0.00887313	0.00854275	0.00919716	0.00904355	0.00880686	0.00793721	0.00816413	0.00810973	0.00715766	0.00681262	0.00689804	0.00733687	0.00836779	0.00849125	0.00836589	0.00849683	0.00853288	0.00845203	0.00843092	0.00858167	0.00862847	0.00841889	0.00873249	0.00850319	0.00861397	0.00844634	0.00873823	0.00869558	0.00912477	0.00858408	0.0091246	0.00852072	0.0084653	0.00820496	0.00837131	0.00853715	0.00909643	0.0083019	0	0.0070139	0.00684748	0.0091262
0.00842572	0.00850936	0.00862158	0.00864292	0.00828088	0.00897168	0.00872709	0.00853534	0.00765622	0.00790481	0.00784705	0.00693929	0.00658585	0.00668148	0.0071149	0.00808315	0.00823328	0.00809816	0.00828809	0.0082648	0.00816783	0.00820355	0.00833032	0.00839619	0.00819641	0.00848806	0.00826878	0.00831063	0.00820421	0.00848768	0.00843384	0.00890773	0.00831053	0.00888937	0.00825488	0.00822355	0.00788103	0.00811159	0.00826876	0.00882561	0.0080045	0.0070139	0	0.00657946	0.00889056
0.00815806	0.0082239	0.00837319	0.00830728	0.0079901	0.00864471	0.008447	0.00821993	0.00736483	0.00759227	0.00752987	0.0067303	0.00636954	0.00646358	0.00691711	0.00779175	0.00792684	0.00781398	0.00796228	0.00796988	0.00789391	0.00789654	0.00806368	0.00809406	0.00789949	0.00819062	0.0079483	0.00807611	0.00791299	0.00816337	0.00815739	0.00857713	0.008057	0.00861157	0.00799646	0.00793357	0.00763678	0.00782776	0.00795439	0.00857404	0.00772194	0.00684748	0.00657946	0	0.00863495
0.00665882	0.00680433	0.00680651	0.00915862	0.00881766	0.00944558	0.00920106	0.00898513	0.00812846	0.00836799	0.00832316	0.00865224	0.00837368	0.00847797	0.00883779	0.00619891	0.00634729	0.00633881	0.0061969	0.00617948	0.00633142	0.00608392	0.00623442	0.00648305	0.0060554	0.00659285	0.0062414	0.00658894	0.00639253	0.00667559	0.00671621	0.00712769	0.00639613	0.00701961	0.00720346	0.007518	0.00821071	0.00839881	0.00741164	0.00799242	0.00834029	0.0091262	0.00889056	0.00863495	0
