0.672143 0.327837 0.000010 0.000010
0.000010 0.000010 0.874243 0.125737
0.000010 0.000010 0.999970 0.000010
0.000010 0.000010 0.999970 0.000010
0.000010 0.000010 0.999970 0.000010
0.000010 0.000010 0.999970 0.000010
0.000010 0.000010 0.976773 0.023207
0.000010 0.000010 0.999970 0.000010
0.000010 0.000010 0.983119 0.016861
0.000010 0.000010 0.999970 0.000010
0.000010 0.000010 0.999970 0.000010
0.000010 0.000010 0.000010 0.999970
0.000010 0.000010 0.000010 0.999970
0.000010 0.000010 0.000010 0.999970
0.000010 0.000010 0.000010 0.999970
0.000010 0.000010 0.000010 0.999970
0.000010 0.000010 0.000010 0.999970
0.000010 0.000010 0.130080 0.869900
0.000010 0.000010 0.000010 0.999970
0.000010 0.000010 0.000010 0.999970
0.000010 0.000010 0.000010 0.999970
0.000010 0.000010 0.000010 0.999970
0.000010 0.000010 0.000010 0.999970
0.000010 0.000010 0.000010 0.999970
0.080595 0.000010 0.602430 0.316965
0.080463 0.000010 0.617665 0.301863
0.000010 0.000010 0.943117 0.056863
0.000010 0.004206 0.896359 0.099425
0.000010 0.000010 0.976938 0.023042
0.079370 0.000010 0.610889 0.309731
0.079600 0.000853 0.615243 0.304304
0.077184 0.000275 0.624412 0.298130
0.000010 0.003073 0.873558 0.123359
0.000010 0.004617 0.904817 0.090555
0.000010 0.008180 0.867206 0.124604
0.000010 0.004994 0.873361 0.121635
0.000010 0.007296 0.852526 0.140168
0.000010 0.007630 0.860944 0.131416
0.000010 0.012932 0.867423 0.119636
0.343971 0.000010 0.430856 0.225162
0.354411 0.000010 0.437693 0.207886
0.357817 0.000010 0.426491 0.215682
0.327843 0.000010 0.442014 0.230132
0.904422 0.095558 0.000010 0.000010
0.927818 0.072162 0.000010 0.000010
0.919752 0.080222 0.000016 0.000010
0.755666 0.000010 0.054885 0.189438
0.869703 0.130277 0.000010 0.000010
0.911157 0.088823 0.000010 0.000010
0.242163 0.000010 0.000010 0.757817
0.329781 0.000010 0.451243 0.218966
0.907579 0.092398 0.000014 0.000010
0.891523 0.108457 0.000010 0.000010
0.890668 0.109307 0.000015 0.000010
0.769878 0.000010 0.058263 0.171849
0.786542 0.000010 0.047140 0.166308
0.803209 0.000010 0.029248 0.167533
0.756859 0.014388 0.055070 0.173683
0.899030 0.100945 0.000015 0.000010
0.905787 0.094193 0.000010 0.000010
0.879987 0.119993 0.000010 0.000010
0.764005 0.000010 0.048075 0.187911
0.897684 0.102294 0.000011 0.000010
0.890724 0.109252 0.000014 0.000010
0.765828 0.000010 0.066059 0.168103
0.896667 0.103311 0.000013 0.000010
0.874897 0.125076 0.000017 0.000010
0.000010 0.999970 0.000010 0.000010
0.000010 0.999970 0.000010 0.000010
0.000010 0.999970 0.000010 0.000010
0.000010 0.999970 0.000010 0.000010
0.744472 0.000010 0.045027 0.210491
0.761151 0.000010 0.046006 0.192833
