0	0.0239296	0.0234437	0.0234965	0.0234858	0.0235094	0.0235808	0.023552	0.0235165	0.0234923	0.0235495	0.0233478	0.023368	0.0231085	0.0234775	0.0233531	0.0234332	0.02364	0.0235406	0.02335	0.0233781	0.0232639	0.023363	0.0234398	0.0234392	0.0234931	0.0233062	0.0239652	0.0235073	0.0241217	0.0233895	0.0233605	0.0233853	0.0235384	0.0235448	0.0235373	0.0235947	0.0235229	0.0235957	0.0235944	0.0228599	0.0228251	0.0229092	0.0229527	0.0207311	0.0208529	0.020953	0.0216761	0.0206714	0.0208191	0.0235589	0.0228847	0.0208943	0.0208535	0.0209675	0.0217453	0.021636	0.0215234	0.0215483	0.0209306	0.0207801	0.0208262	0.020768	0.0208279	0.0216031	0.0208511	0.0209002	0.02174	0.0207603	0.0208605	0.0205584	0.0203964	0.0204139	0.0202671	0.0203656	0.0217964	0.0218151	0.0216769
0.0239296	0	0.0207724	0.0208492	0.0207798	0.0208637	0.0208774	0.0207988	0.0208365	0.0207936	0.020819	0.0227783	0.0228502	0.0225542	0.0228229	0.022804	0.0228094	0.02311	0.0227368	0.0227604	0.0227802	0.0228076	0.0227268	0.0228582	0.0228531	0.0214833	0.0212828	0.0209417	0.0206844	0.0211974	0.0214808	0.0213368	0.0213227	0.0207787	0.0207553	0.0207019	0.0208674	0.0208239	0.0207531	0.020765	0.0223825	0.0223288	0.0224084	0.0224106	0.0238574	0.0238373	0.0239822	0.0234797	0.0239894	0.0238966	0.0254444	0.0223283	0.0237547	0.0237889	0.0237975	0.023506	0.0235376	0.0235524	0.0234672	0.0237147	0.0236005	0.0237817	0.023972	0.0238888	0.0234008	0.0237693	0.0237553	0.0234606	0.0239617	0.0237862	0.0238608	0.0241317	0.024142	0.0239869	0.0240601	0.0234868	0.0235452	0.023523
0.0234437	0.0207724	0	0.0203744	0.02031	0.020463	0.0203412	0.0154483	0.0203889	0.0156081	0.0163081	0.0224276	0.0225802	0.0221635	0.0224635	0.022375	0.0224648	0.0227383	0.022224	0.0222963	0.0223342	0.022363	0.0223729	0.0224205	0.0223354	0.0210331	0.0208464	0.0209716	0.0202265	0.021268	0.0209318	0.020907	0.0209381	0.0203832	0.0203545	0.0203288	0.020364	0.0203644	0.0202915	0.020078	0.0217794	0.0217302	0.0217834	0.0217195	0.0233759	0.0234387	0.0235176	0.0230115	0.0235283	0.0234141	0.0250916	0.0217326	0.0233228	0.0233392	0.0233523	0.0230454	0.0229929	0.0230145	0.0229358	0.0233097	0.0231378	0.0233014	0.0235363	0.0234664	0.0229206	0.0233385	0.023238	0.022973	0.0234871	0.0233276	0.023462	0.0237445	0.0237823	0.0235982	0.0237117	0.0230923	0.0230175	0.0230002
0.0234965	0.0208492	0.0203744	0	0.0169927	0.016557	0.0203595	0.0201836	0.0190494	0.0171972	0.0166226	0.0224199	0.0226051	0.0221569	0.0224861	0.0224321	0.0223659	0.0227146	0.0222174	0.0222857	0.0223479	0.0223782	0.0222707	0.022446	0.0224086	0.0210924	0.0209374	0.0208084	0.0203315	0.0211849	0.0210569	0.0209914	0.0210431	0.0202838	0.0201482	0.0203598	0.020344	0.020242	0.0204198	0.0203571	0.0217724	0.0217285	0.0218522	0.0217311	0.02341	0.0234619	0.0235459	0.0229861	0.023529	0.0234576	0.0250591	0.0216911	0.0232907	0.0233357	0.0233571	0.0230443	0.0230293	0.0230727	0.0229597	0.0232275	0.0231505	0.0233372	0.0235409	0.0234644	0.0229206	0.0233508	0.0232792	0.0229575	0.0235847	0.0233167	0.02348	0.0237537	0.0237699	0.0236513	0.0236831	0.0230064	0.0230299	0.0230467
0.0234858	0.0207798	0.02031	0.0169927	0	0.0156932	0.0200616	0.0203127	0.0184799	0.0197254	0.0201902	0.0223628	0.0224942	0.0221338	0.0224256	0.0223656	0.022361	0.0226915	0.0222826	0.0222791	0.0223373	0.0222804	0.0222725	0.0224559	0.0223966	0.0210176	0.0208779	0.0208195	0.0202956	0.0212284	0.0209383	0.0209668	0.0210509	0.0201555	0.0201989	0.0198453	0.0203421	0.0204025	0.0202679	0.0202435	0.0216781	0.0216991	0.0217504	0.021714	0.0233596	0.023419	0.0234935	0.0228946	0.0235117	0.0234229	0.0250223	0.0216765	0.0232773	0.023285	0.0232558	0.022928	0.0229678	0.0230123	0.0228986	0.0232271	0.0230954	0.0232392	0.0235098	0.0234165	0.0228845	0.023323	0.0232536	0.022913	0.0234915	0.0232985	0.0233909	0.0237135	0.0237454	0.0235879	0.0236787	0.0229838	0.0229609	0.0230047
0.0235094	0.0208637	0.020463	0.016557	0.0156932	0	0.0203589	0.0202936	0.0182087	0.0188663	0.0203838	0.0224623	0.022577	0.0222258	0.0224909	0.0224504	0.0224291	0.0227872	0.0222938	0.0223293	0.022391	0.0223676	0.0223219	0.0225407	0.0224347	0.0210876	0.0209622	0.0209703	0.0202738	0.0212295	0.0209792	0.020963	0.021058	0.0203251	0.0201844	0.0204055	0.0203868	0.0203835	0.0204449	0.0203017	0.0217215	0.0217649	0.0218004	0.0217914	0.0233832	0.023441	0.0235139	0.022979	0.0235493	0.0234588	0.0251068	0.0217104	0.0233079	0.0233735	0.0233442	0.0230246	0.0230066	0.0230735	0.0229226	0.0232734	0.0231626	0.0233409	0.0235688	0.0234154	0.0229749	0.023375	0.0232838	0.0229949	0.0235463	0.0233473	0.0234689	0.02377	0.02381	0.0237012	0.0237126	0.0230666	0.0229675	0.0230477
0.0235808	0.0208774	0.0203412	0.0203595	0.0200616	0.0203589	0	0.0155047	0.0202666	0.0203399	0.0204581	0.022455	0.0225871	0.0222561	0.0225364	0.0225088	0.022468	0.0228136	0.0223262	0.0223857	0.0224762	0.022379	0.0223299	0.0225294	0.0224859	0.021028	0.0208985	0.0209225	0.0204021	0.0212134	0.0209959	0.0210291	0.0209742	0.0199164	0.0189247	0.0199976	0.0201443	0.0202426	0.0202897	0.0203023	0.0217415	0.021744	0.021759	0.0217888	0.0234373	0.0234593	0.0235498	0.0230254	0.0235632	0.0235078	0.0251652	0.0217211	0.0232931	0.0233658	0.0233436	0.0229934	0.0230256	0.0230608	0.0229642	0.0232471	0.023184	0.0233107	0.0235464	0.0234799	0.0228772	0.0233612	0.0233144	0.023006	0.0235519	0.0234055	0.0234802	0.0237251	0.0238027	0.0236221	0.0236911	0.0231089	0.0230328	0.0230288
0.023552	0.0207988	0.0154483	0.0201836	0.0203127	0.0202936	0.0155047	0	0.0204353	0.0164458	0.0204472	0.0224641	0.0225674	0.0221727	0.0224762	0.022423	0.0224119	0.0227907	0.0223068	0.0224105	0.0223818	0.0223312	0.0223401	0.0224825	0.0224173	0.0210866	0.0208604	0.0208911	0.020437	0.0211662	0.0209832	0.0209628	0.0209968	0.0200657	0.0194973	0.0204516	0.0204814	0.0204244	0.0204165	0.0202932	0.0217181	0.021729	0.0217578	0.021781	0.023441	0.0234389	0.0235816	0.0229986	0.0235694	0.023471	0.025157	0.0217075	0.0233344	0.023352	0.0233812	0.0229859	0.022969	0.0230952	0.0229619	0.0232761	0.0231653	0.023352	0.0235701	0.023473	0.0228913	0.023416	0.0232982	0.0230229	0.0235796	0.0233562	0.0234997	0.0237396	0.0238407	0.0236641	0.0237416	0.0230964	0.0230319	0.0230163
0.0235165	0.0208365	0.0203889	0.0190494	0.0184799	0.0182087	0.0202666	0.0204353	0	0.0180445	0.0203838	0.0224082	0.0225785	0.0222156	0.0225454	0.0224627	0.0224207	0.0227539	0.0222377	0.0223577	0.0224165	0.0223903	0.022345	0.0225165	0.0224625	0.0210308	0.0208586	0.0208994	0.0204962	0.0212117	0.0210082	0.0209605	0.0210123	0.0203932	0.0205073	0.0204992	0.0203614	0.0204223	0.0203726	0.0204248	0.0217222	0.0216859	0.0217633	0.0217212	0.0234252	0.0234564	0.0235437	0.0229818	0.0235805	0.0235012	0.0250867	0.0216883	0.0233131	0.0233451	0.0233386	0.0229985	0.0230287	0.023052	0.0229967	0.0233244	0.0231914	0.0233574	0.0235932	0.0234778	0.0229267	0.0233399	0.0233241	0.0230058	0.0235661	0.0233645	0.0234497	0.0237216	0.0238126	0.0236386	0.0237101	0.0230583	0.0230137	0.0230568
0.0234923	0.0207936	0.0156081	0.0171972	0.0197254	0.0188663	0.0203399	0.0164458	0.0180445	0	0.0189893	0.0223855	0.0225688	0.0221925	0.0224999	0.0224243	0.0223764	0.0227557	0.0222504	0.0223304	0.0223176	0.0224191	0.0222653	0.0224665	0.0223777	0.0210456	0.0208815	0.0208961	0.0203639	0.0211946	0.0209609	0.0209254	0.0210074	0.0203062	0.0203359	0.0204518	0.0204264	0.020411	0.0203122	0.0201514	0.0217247	0.0217173	0.0217789	0.0217324	0.0234078	0.0234284	0.0235495	0.0230293	0.0235662	0.0234825	0.0251396	0.0216351	0.0233501	0.0233672	0.0233812	0.0230435	0.0230192	0.0230717	0.0230063	0.0232408	0.0231648	0.0233658	0.0235487	0.0234821	0.0228878	0.0233646	0.0232868	0.0229611	0.0235918	0.0233637	0.0234887	0.0237491	0.0237246	0.0236303	0.0236827	0.0230323	0.0230356	0.0229954
0.0235495	0.020819	0.0163081	0.0166226	0.0201902	0.0203838	0.0204581	0.0204472	0.0203838	0.0189893	0	0.0223927	0.022569	0.0221825	0.0225395	0.0224562	0.0224668	0.0227538	0.0222691	0.0223938	0.0223933	0.0223617	0.0223257	0.022514	0.0224405	0.0210761	0.0208529	0.0208823	0.0203266	0.0212252	0.020937	0.0209752	0.0209495	0.0202236	0.0203453	0.0202286	0.0202454	0.0202946	0.0203554	0.0202143	0.0217772	0.0217553	0.021799	0.0217749	0.0234078	0.023491	0.0235627	0.0230028	0.0236015	0.0234797	0.0251273	0.0217453	0.0232973	0.0233708	0.0233971	0.0230642	0.0230105	0.0230531	0.022944	0.0232704	0.0231494	0.0233194	0.0235698	0.0234849	0.0229452	0.0233268	0.023304	0.0229866	0.0235579	0.0233512	0.0234889	0.0237862	0.0237941	0.0236999	0.0237396	0.0231031	0.023064	0.0230361
0.0233478	0.0227783	0.0224276	0.0224199	0.0223628	0.0224623	0.022455	0.0224641	0.0224082	0.0223855	0.0223927	0	0.0204509	0.0198857	0.0206003	0.0204061	0.0203467	0.020645	0.0209933	0.019772	0.020347	0.0202026	0.020309	0.0204251	0.0204149	0.0220345	0.0218921	0.0228582	0.022385	0.0230887	0.022039	0.0220357	0.022032	0.0224051	0.0224327	0.0223526	0.0225294	0.0224048	0.0223858	0.0223951	0.0223403	0.022306	0.0223045	0.0223208	0.0229236	0.0230722	0.0230964	0.0224721	0.023168	0.0230626	0.0213749	0.0223322	0.0229916	0.0230561	0.0230596	0.0225713	0.022486	0.0224438	0.0224681	0.02294	0.0228691	0.0230558	0.0231985	0.0231334	0.0223469	0.0230753	0.0229037	0.0225644	0.0231898	0.0230162	0.0231085	0.0236629	0.0236358	0.0235696	0.0236526	0.0224084	0.0224525	0.0224819
0.023368	0.0228502	0.0225802	0.0226051	0.0224942	0.022577	0.0225871	0.0225674	0.0225785	0.0225688	0.022569	0.0204509	0	0.0202075	0.0206654	0.0203984	0.020534	0.0207206	0.0209874	0.0204286	0.020556	0.0202616	0.0188328	0.020786	0.0207829	0.0222101	0.0220909	0.0229442	0.0225549	0.0232869	0.0220456	0.0221126	0.0222194	0.0225522	0.0225327	0.0225699	0.022654	0.0225828	0.022537	0.0225763	0.0223974	0.0224016	0.0223501	0.0224301	0.0229808	0.0230785	0.0230663	0.0224933	0.0232278	0.0231678	0.0213243	0.0223503	0.0230556	0.0230442	0.0231056	0.0226078	0.0225323	0.0224838	0.0224833	0.0230213	0.0228318	0.0230705	0.0232022	0.0230956	0.0224128	0.0230826	0.0229667	0.0225759	0.02315	0.0230554	0.0231023	0.0237659	0.0236981	0.0236326	0.0236762	0.0224844	0.0223886	0.0224539
0.0231085	0.0225542	0.0221635	0.0221569	0.0221338	0.0222258	0.0222561	0.0221727	0.0222156	0.0221925	0.0221825	0.0198857	0.0202075	0	0.0202126	0.0202203	0.0201233	0.0201639	0.0207262	0.0200554	0.0197768	0.0197435	0.0199787	0.0162048	0.0201898	0.0218557	0.0215441	0.0226013	0.0221826	0.0229123	0.0217798	0.021823	0.0217983	0.0221871	0.0222192	0.0221529	0.0222839	0.0221727	0.0221923	0.0221727	0.0220605	0.0220176	0.0220765	0.0220877	0.0226994	0.0228112	0.0228572	0.0221754	0.022961	0.0228292	0.0211241	0.0221178	0.0227329	0.0227834	0.0228078	0.0222763	0.0221417	0.0221981	0.0221942	0.0226866	0.0225526	0.0227323	0.0229763	0.0228618	0.0220307	0.0227548	0.022671	0.0223308	0.0228876	0.022774	0.0228431	0.0234889	0.0235115	0.0233726	0.0234043	0.0221634	0.0222332	0.0221798
0.0234775	0.0228229	0.0224635	0.0224861	0.0224256	0.0224909	0.0225364	0.0224762	0.0225454	0.0224999	0.0225395	0.0206003	0.0206654	0.0202126	0	0.0205593	0.0204335	0.0208243	0.020527	0.0205612	0.020403	0.0201164	0.0206325	0.0206248	0.0205354	0.0222153	0.021963	0.0228681	0.0224951	0.0231878	0.0220955	0.0221337	0.0220432	0.0224924	0.0225035	0.0224973	0.0225525	0.0225578	0.0225176	0.0224865	0.0223902	0.0224048	0.0224083	0.0224035	0.023138	0.0231604	0.0232085	0.0225738	0.0233386	0.0231614	0.0215261	0.0224596	0.0231108	0.0231293	0.0231674	0.0226971	0.0225951	0.0225587	0.0226223	0.023007	0.02296	0.0232005	0.0232254	0.0231806	0.0225516	0.0231606	0.0231045	0.0226104	0.0232311	0.0231094	0.0231848	0.0237926	0.0237486	0.0236889	0.0238072	0.0225368	0.0225227	0.0225456
0.0233531	0.022804	0.022375	0.0224321	0.0223656	0.0224504	0.0225088	0.022423	0.0224627	0.0224243	0.0224562	0.0204061	0.0203984	0.0202203	0.0205593	0	0.0207375	0.0204479	0.0205263	0.0207168	0.0204442	0.0201851	0.0206283	0.0205444	0.0203376	0.0221058	0.0219302	0.0228396	0.0224137	0.0231043	0.0220129	0.022046	0.0221065	0.022442	0.022473	0.0224653	0.0224993	0.022428	0.0224612	0.0224671	0.0223517	0.022425	0.022342	0.0223968	0.0230358	0.0230692	0.0231272	0.0224639	0.0232373	0.0231028	0.0213702	0.0224101	0.0230524	0.0230384	0.0231071	0.0226174	0.022586	0.0225386	0.0225628	0.0229692	0.0229098	0.0230164	0.0232338	0.0231469	0.0224347	0.0230835	0.0230847	0.0225872	0.0232076	0.0229785	0.0231519	0.0236869	0.0236886	0.0235436	0.0236565	0.0225956	0.0225381	0.022483
0.0234332	0.0228094	0.0224648	0.0223659	0.022361	0.0224291	0.022468	0.0224119	0.0224207	0.0223764	0.0224668	0.0203467	0.020534	0.0201233	0.0204335	0.0207375	0	0.0207757	0.0205964	0.0209801	0.0204894	0.0204618	0.0205523	0.0205878	0.0208987	0.0221726	0.0220585	0.022866	0.0224742	0.0231256	0.0220626	0.0220533	0.0221301	0.0224466	0.022491	0.0224539	0.0224876	0.0224587	0.0223922	0.0224576	0.0224759	0.0224386	0.0224288	0.022467	0.0230378	0.0231738	0.0231873	0.0225589	0.0232884	0.0231757	0.0215524	0.0224423	0.0230872	0.0230226	0.0231	0.0225931	0.022578	0.022575	0.0226429	0.0230272	0.0228967	0.0231681	0.02321	0.0231016	0.0224922	0.0231142	0.0230207	0.0226177	0.0232566	0.0230755	0.0231378	0.0237122	0.0236992	0.0235957	0.0236954	0.0225976	0.0225778	0.0225252
0.02364	0.02311	0.0227383	0.0227146	0.0226915	0.0227872	0.0228136	0.0227907	0.0227539	0.0227557	0.0227538	0.020645	0.0207206	0.0201639	0.0208243	0.0204479	0.0207757	0	0.0209637	0.0204973	0.0202303	0.0208223	0.0204915	0.020889	0.0204369	0.0223665	0.0222475	0.0231556	0.0227579	0.0234998	0.0223166	0.022399	0.02242	0.0227957	0.0227571	0.0227782	0.0228309	0.0227395	0.0227458	0.0227264	0.0225672	0.0225824	0.0225613	0.0225419	0.0231898	0.0232845	0.0232877	0.0226526	0.0234096	0.0233315	0.0213791	0.0226031	0.023221	0.0232093	0.0232849	0.0228065	0.0227195	0.0226898	0.0227084	0.0231754	0.0230272	0.0232613	0.0233791	0.0232996	0.022665	0.0232565	0.0231923	0.0227353	0.023397	0.0232256	0.0233181	0.0239014	0.0239	0.0238324	0.0238846	0.0227252	0.0227002	0.0226101
0.0235406	0.0227368	0.022224	0.0222174	0.0222826	0.0222938	0.0223262	0.0223068	0.0222377	0.0222504	0.0222691	0.0209933	0.0209874	0.0207262	0.020527	0.0205263	0.0205964	0.0209637	0	0.0207377	0.0206434	0.0205046	0.0210321	0.0211619	0.0206007	0.0219697	0.0218624	0.0226829	0.0222266	0.0229828	0.0219383	0.021984	0.0220685	0.0222106	0.0222664	0.0223009	0.0223293	0.0222967	0.0221639	0.0222678	0.0223714	0.0224054	0.0223383	0.0223507	0.0231234	0.0231967	0.0232584	0.0226401	0.0233967	0.0232254	0.0219164	0.0224085	0.0232035	0.0231411	0.0232206	0.022692	0.0226028	0.022628	0.0226863	0.0231296	0.0229372	0.0232175	0.0233177	0.0233346	0.0225614	0.0232211	0.0231103	0.0226672	0.023303	0.0231677	0.0232613	0.0237768	0.0238318	0.0237058	0.0237573	0.0226958	0.0227002	0.0226054
0.02335	0.0227604	0.0222963	0.0222857	0.0222791	0.0223293	0.0223857	0.0224105	0.0223577	0.0223304	0.0223938	0.019772	0.0204286	0.0200554	0.0205612	0.0207168	0.0209801	0.0204973	0.0207377	0	0.0204822	0.0202799	0.0204024	0.0204327	0.0205098	0.0220052	0.0219204	0.0227513	0.0223131	0.0230373	0.0219231	0.0219346	0.0219195	0.0223953	0.022293	0.0223184	0.0224583	0.0223147	0.0223163	0.022358	0.0222804	0.0222275	0.0222371	0.0222739	0.0228765	0.0230652	0.0230831	0.02244	0.0231986	0.0230854	0.0214224	0.0221566	0.0230109	0.0230096	0.0230598	0.0224448	0.0224787	0.0224726	0.0224398	0.0229131	0.0228701	0.0230291	0.0231807	0.0230673	0.0223837	0.0229846	0.022909	0.0225417	0.0231751	0.0230143	0.0231289	0.0236415	0.0236635	0.0235446	0.0235335	0.0224505	0.022453	0.0224895
0.0233781	0.0227802	0.0223342	0.0223479	0.0223373	0.022391	0.0224762	0.0223818	0.0224165	0.0223176	0.0223933	0.020347	0.020556	0.0197768	0.020403	0.0204442	0.0204894	0.0202303	0.0206434	0.0204822	0	0.0200701	0.0200331	0.0202145	0.0206885	0.0221268	0.0219215	0.0227795	0.0223325	0.0230208	0.0220565	0.0219419	0.0220215	0.022384	0.0224466	0.0223679	0.0224582	0.0223582	0.0224308	0.0223626	0.0223412	0.0223631	0.0222983	0.0223272	0.0229626	0.0230984	0.023093	0.0225524	0.0232423	0.0231357	0.0214795	0.0223755	0.0231044	0.0230641	0.0230407	0.0226052	0.0226114	0.022542	0.0225091	0.0229657	0.0228115	0.0230383	0.0232247	0.023115	0.0224584	0.0230687	0.02305	0.0225022	0.0232372	0.0230368	0.0231439	0.0236624	0.0236771	0.0236111	0.0236574	0.0225712	0.0224962	0.0224647
0.0232639	0.0228076	0.022363	0.0223782	0.0222804	0.0223676	0.022379	0.0223312	0.0223903	0.0224191	0.0223617	0.0202026	0.0202616	0.0197435	0.0201164	0.0201851	0.0204618	0.0208223	0.0205046	0.0202799	0.0200701	0	0.0201187	0.0202787	0.0202539	0.0219565	0.021798	0.0226793	0.0222682	0.0229582	0.0218935	0.0219403	0.0220107	0.0223792	0.0224048	0.0223111	0.022404	0.0223164	0.0223636	0.0224082	0.0222748	0.0223007	0.0222461	0.0222879	0.0228642	0.0229243	0.0229309	0.022351	0.0231419	0.0229501	0.0211684	0.0223059	0.022917	0.0229068	0.0229389	0.0224566	0.0223749	0.0223875	0.0223403	0.0227741	0.0226963	0.02292	0.0230741	0.0230116	0.0222627	0.0228966	0.0228253	0.0224827	0.0230293	0.0228812	0.0229852	0.0236141	0.0236222	0.023485	0.0235665	0.0222964	0.0223449	0.0223509
0.023363	0.0227268	0.0223729	0.0222707	0.0222725	0.0223219	0.0223299	0.0223401	0.022345	0.0222653	0.0223257	0.020309	0.0188328	0.0199787	0.0206325	0.0206283	0.0205523	0.0204915	0.0210321	0.0204024	0.0200331	0.0201187	0	0.020543	0.0203564	0.0219477	0.0217825	0.0227505	0.0223511	0.0231054	0.0217969	0.0219457	0.0219473	0.0223197	0.0224323	0.0223106	0.0223859	0.0223671	0.0223403	0.0223294	0.0223096	0.0222483	0.0222075	0.0222654	0.0228504	0.0230685	0.0230111	0.0223485	0.0231485	0.023075	0.0213323	0.022268	0.0229746	0.0229844	0.0229989	0.0225467	0.0225032	0.0225357	0.0224883	0.0229126	0.0227799	0.0229962	0.0231488	0.0230608	0.0223086	0.0229909	0.0229155	0.0224988	0.0231158	0.0229996	0.02309	0.0236519	0.0236776	0.0235844	0.0236355	0.022451	0.0224342	0.0223251
0.0234398	0.0228582	0.0224205	0.022446	0.0224559	0.0225407	0.0225294	0.0224825	0.0225165	0.0224665	0.022514	0.0204251	0.020786	0.0162048	0.0206248	0.0205444	0.0205878	0.020889	0.0211619	0.0204327	0.0202145	0.0202787	0.020543	0	0.0203795	0.0222535	0.0220016	0.0229099	0.0225043	0.0231539	0.0221083	0.0220813	0.0221106	0.0224151	0.0225441	0.0224152	0.02255	0.0224604	0.0224568	0.0224379	0.0224119	0.0224367	0.0223488	0.0224835	0.0230651	0.0232209	0.0233024	0.0225869	0.0233726	0.0231996	0.0216555	0.0224738	0.0231408	0.0231507	0.0231595	0.0226736	0.0226141	0.0226089	0.0225706	0.0230035	0.0229487	0.0231761	0.0233223	0.0232524	0.0224714	0.0231349	0.0231187	0.0227476	0.0232843	0.0230885	0.0232467	0.0238242	0.0238581	0.0236883	0.0238232	0.0225679	0.0226093	0.0226259
0.0234392	0.0228531	0.0223354	0.0224086	0.0223966	0.0224347	0.0224859	0.0224173	0.0224625	0.0223777	0.0224405	0.0204149	0.0207829	0.0201898	0.0205354	0.0203376	0.0208987	0.0204369	0.0206007	0.0205098	0.0206885	0.0202539	0.0203564	0.0203795	0	0.0220205	0.0218765	0.0228613	0.0224033	0.0231413	0.0219576	0.0220454	0.0221493	0.0223972	0.0224773	0.0224074	0.0224895	0.0224685	0.0224275	0.0224199	0.0223589	0.0223854	0.0223851	0.0223124	0.0229811	0.0231503	0.0231632	0.0224958	0.0233712	0.0231644	0.0215984	0.0224877	0.023107	0.0230412	0.0231281	0.0225917	0.0225589	0.0226691	0.0225783	0.0230145	0.0229177	0.0230855	0.023198	0.0231478	0.0224511	0.0231153	0.0229627	0.0226309	0.0232279	0.0231183	0.0231689	0.0237158	0.0237789	0.0236284	0.0236809	0.0225389	0.0225201	0.0225467
0.0234931	0.0214833	0.0210331	0.0210924	0.0210176	0.0210876	0.021028	0.0210866	0.0210308	0.0210456	0.0210761	0.0220345	0.0222101	0.0218557	0.0222153	0.0221058	0.0221726	0.0223665	0.0219697	0.0220052	0.0221268	0.0219565	0.0219477	0.0222535	0.0220205	0	0.0204708	0.0215069	0.0210066	0.0218897	0.0205241	0.0206033	0.0207514	0.0210175	0.0211188	0.0210342	0.0211335	0.0210666	0.020983	0.0210858	0.0216125	0.0215236	0.0216259	0.0215276	0.0232726	0.0232582	0.0233558	0.0227504	0.0234213	0.0233296	0.0244252	0.0215925	0.0231666	0.0231647	0.023266	0.022796	0.022771	0.0228411	0.0227775	0.0231335	0.0230004	0.0231367	0.0234325	0.0233264	0.0226885	0.0232233	0.0231663	0.0227887	0.0233532	0.0232596	0.0233198	0.0237069	0.0236552	0.0235859	0.0236899	0.0228091	0.0228292	0.0227699
0.0233062	0.0212828	0.0208464	0.0209374	0.0208779	0.0209622	0.0208985	0.0208604	0.0208586	0.0208815	0.0208529	0.0218921	0.0220909	0.0215441	0.021963	0.0219302	0.0220585	0.0222475	0.0218624	0.0219204	0.0219215	0.021798	0.0217825	0.0220016	0.0218765	0.0204708	0	0.021213	0.0208124	0.0216002	0.0203779	0.0204721	0.0201884	0.0207886	0.0208217	0.0209032	0.0209127	0.0208712	0.0208334	0.0209307	0.0214057	0.0213951	0.0214987	0.0214731	0.0230829	0.023176	0.0232031	0.0225428	0.0232897	0.0231286	0.0243169	0.021427	0.0229332	0.0230256	0.0230582	0.0226109	0.0225739	0.0226492	0.0225825	0.0230001	0.0228204	0.0230316	0.023265	0.0231554	0.0225189	0.0229971	0.0229814	0.0225831	0.0232299	0.0230501	0.023159	0.0235576	0.023531	0.0233615	0.0234505	0.0226595	0.022596	0.0226347
0.0239652	0.0209417	0.0209716	0.0208084	0.0208195	0.0209703	0.0209225	0.0208911	0.0208994	0.0208961	0.0208823	0.0228582	0.0229442	0.0226013	0.0228681	0.0228396	0.022866	0.0231556	0.0226829	0.0227513	0.0227795	0.0226793	0.0227505	0.0229099	0.0228613	0.0215069	0.021213	0	0.019409	0.0165716	0.0214208	0.0213648	0.021403	0.0208451	0.020887	0.0207751	0.0208452	0.020881	0.020875	0.0208119	0.0221609	0.0221781	0.022341	0.0222772	0.0238033	0.0238748	0.0239232	0.0234423	0.0238903	0.0238531	0.0254561	0.0222133	0.0236883	0.0237594	0.0237613	0.0234752	0.0234467	0.0235018	0.0233772	0.0236752	0.023546	0.0237156	0.0239821	0.0238838	0.0233061	0.0237452	0.0236778	0.0234126	0.0239429	0.0237321	0.0238486	0.024164	0.0241096	0.0240276	0.024067	0.023436	0.0234174	0.0234725
0.0235073	0.0206844	0.0202265	0.0203315	0.0202956	0.0202738	0.0204021	0.020437	0.0204962	0.0203639	0.0203266	0.022385	0.0225549	0.0221826	0.0224951	0.0224137	0.0224742	0.0227579	0.0222266	0.0223131	0.0223325	0.0222682	0.0223511	0.0225043	0.0224033	0.0210066	0.0208124	0.019409	0	0.0201472	0.0209211	0.020939	0.020958	0.0202895	0.020154	0.0201923	0.0199411	0.02017	0.0200689	0.0198087	0.0217789	0.0217536	0.0218305	0.0218159	0.0234025	0.0234446	0.0235058	0.0229862	0.0236036	0.023486	0.0251315	0.02171	0.0232925	0.0233685	0.0233676	0.0230517	0.0230367	0.0230868	0.0229529	0.0233093	0.0231526	0.0233675	0.0236183	0.0234947	0.0229234	0.023348	0.0233115	0.0230356	0.0235473	0.0233732	0.0234788	0.0237678	0.0237661	0.0236545	0.0237489	0.0230903	0.0230059	0.0230775
0.0241217	0.0211974	0.021268	0.0211849	0.0212284	0.0212295	0.0212134	0.0211662	0.0212117	0.0211946	0.0212252	0.0230887	0.0232869	0.0229123	0.0231878	0.0231043	0.0231256	0.0234998	0.0229828	0.0230373	0.0230208	0.0229582	0.0231054	0.0231539	0.0231413	0.0218897	0.0216002	0.0165716	0.0201472	0	0.0216651	0.0217361	0.0217436	0.0212143	0.0211611	0.0211091	0.0211146	0.0212331	0.0211648	0.02119	0.0225326	0.0225493	0.0225555	0.0225024	0.0239919	0.0240532	0.0241783	0.0236761	0.0241216	0.0240683	0.0256038	0.0224777	0.0239352	0.0240228	0.0239901	0.0237302	0.0237122	0.0237226	0.0236405	0.023879	0.0238258	0.0239473	0.0241827	0.0241212	0.023582	0.0239904	0.0239189	0.0237391	0.0241265	0.0239846	0.0241074	0.0243044	0.0243533	0.0242344	0.0242837	0.0237109	0.023677	0.0237484
0.0233895	0.0214808	0.0209318	0.0210569	0.0209383	0.0209792	0.0209959	0.0209832	0.0210082	0.0209609	0.020937	0.022039	0.0220456	0.0217798	0.0220955	0.0220129	0.0220626	0.0223166	0.0219383	0.0219231	0.0220565	0.0218935	0.0217969	0.0221083	0.0219576	0.0205241	0.0203779	0.0214208	0.0209211	0.0216651	0	0.02062	0.0205306	0.0208906	0.0209986	0.0209984	0.0210459	0.0209585	0.0209165	0.0209408	0.021585	0.0214573	0.0215959	0.0214724	0.0231441	0.0231769	0.0232291	0.022673	0.0233931	0.0232246	0.0243084	0.0214787	0.0230822	0.0231033	0.0231624	0.0227678	0.0227399	0.0227396	0.022617	0.0230137	0.0229368	0.023067	0.0233178	0.0232705	0.0226262	0.0231159	0.0230411	0.022665	0.0233118	0.0231099	0.0232785	0.0235604	0.0236547	0.0234743	0.0235442	0.0227493	0.0227274	0.0226976
0.0233605	0.0213368	0.020907	0.0209914	0.0209668	0.020963	0.0210291	0.0209628	0.0209605	0.0209254	0.0209752	0.0220357	0.0221126	0.021823	0.0221337	0.022046	0.0220533	0.022399	0.021984	0.0219346	0.0219419	0.0219403	0.0219457	0.0220813	0.0220454	0.0206033	0.0204721	0.0213648	0.020939	0.0217361	0.02062	0	0.0206668	0.0209106	0.0209771	0.0210159	0.021043	0.020974	0.0209998	0.0209573	0.0214781	0.0214929	0.021476	0.0215348	0.0231363	0.0231794	0.02332	0.0226695	0.0233316	0.023211	0.0244646	0.0214136	0.0230698	0.0231243	0.023138	0.0227589	0.0226836	0.0227405	0.0226692	0.0230153	0.0229347	0.0230732	0.0233423	0.023251	0.0226894	0.0231534	0.0230448	0.0227379	0.0233017	0.0231267	0.0232274	0.0235817	0.0235961	0.0234822	0.0235495	0.0227763	0.0226008	0.0227218
0.0233853	0.0213227	0.0209381	0.0210431	0.0210509	0.021058	0.0209742	0.0209968	0.0210123	0.0210074	0.0209495	0.022032	0.0222194	0.0217983	0.0220432	0.0221065	0.0221301	0.02242	0.0220685	0.0219195	0.0220215	0.0220107	0.0219473	0.0221106	0.0221493	0.0207514	0.0201884	0.021403	0.020958	0.0217436	0.0205306	0.0206668	0	0.0209371	0.0209964	0.0210139	0.0210975	0.0210604	0.0209577	0.0209651	0.0215939	0.0215473	0.0215689	0.0214985	0.0231728	0.0232151	0.0232985	0.0226325	0.0233567	0.0232338	0.0243889	0.0215112	0.0230497	0.0231047	0.023188	0.0226594	0.0227722	0.0227646	0.0227	0.0230355	0.02295	0.0231455	0.0233667	0.0232846	0.0226293	0.0231152	0.02308	0.0227175	0.0233483	0.0231532	0.0232627	0.023546	0.0236056	0.023485	0.0235977	0.0227603	0.0227303	0.0227162
0.0235384	0.0207787	0.0203832	0.0202838	0.0201555	0.0203251	0.0199164	0.0200657	0.0203932	0.0203062	0.0202236	0.0224051	0.0225522	0.0221871	0.0224924	0.022442	0.0224466	0.0227957	0.0222106	0.0223953	0.022384	0.0223792	0.0223197	0.0224151	0.0223972	0.0210175	0.0207886	0.0208451	0.0202895	0.0212143	0.0208906	0.0209106	0.0209371	0	0.0196936	0.0197064	0.020414	0.020329	0.0202443	0.0201322	0.0217864	0.0217615	0.0218295	0.0217776	0.0234032	0.023499	0.0235702	0.0229712	0.023611	0.023463	0.025126	0.0217103	0.0233407	0.0233309	0.0233809	0.0230085	0.0230095	0.0230913	0.0229437	0.0233033	0.0231781	0.0233249	0.023586	0.0235344	0.0229395	0.0233354	0.023305	0.0230157	0.0235196	0.0233454	0.0234743	0.0237382	0.0237321	0.023653	0.0237082	0.0230718	0.0230354	0.0230511
0.0235448	0.0207553	0.0203545	0.0201482	0.0201989	0.0201844	0.0189247	0.0194973	0.0205073	0.0203359	0.0203453	0.0224327	0.0225327	0.0222192	0.0225035	0.022473	0.022491	0.0227571	0.0222664	0.022293	0.0224466	0.0224048	0.0224323	0.0225441	0.0224773	0.0211188	0.0208217	0.020887	0.020154	0.0211611	0.0209986	0.0209771	0.0209964	0.0196936	0	0.0203444	0.0204236	0.0197036	0.0204642	0.020251	0.021789	0.0217484	0.0218067	0.0218391	0.0234013	0.0234578	0.0235584	0.02298	0.0236125	0.0235294	0.0250844	0.0217649	0.0233434	0.0233634	0.0233782	0.0231261	0.0229998	0.0231105	0.0229764	0.0233153	0.0231817	0.0233808	0.0236101	0.0235265	0.022933	0.0233583	0.0232893	0.0230241	0.0235588	0.0234088	0.0234819	0.0237732	0.0238178	0.0236436	0.0237169	0.0231288	0.0230153	0.0230717
0.0235373	0.0207019	0.0203288	0.0203598	0.0198453	0.0204055	0.0199976	0.0204516	0.0204992	0.0204518	0.0202286	0.0223526	0.0225699	0.0221529	0.0224973	0.0224653	0.0224539	0.0227782	0.0223009	0.0223184	0.0223679	0.0223111	0.0223106	0.0224152	0.0224074	0.0210342	0.0209032	0.0207751	0.0201923	0.0211091	0.0209984	0.0210159	0.0210139	0.0197064	0.0203444	0	0.019894	0.0201811	0.0198494	0.0202299	0.0217958	0.0217405	0.0217565	0.0218011	0.0234165	0.0235165	0.0235792	0.0229869	0.0235988	0.0234781	0.0251322	0.0217583	0.023296	0.0233918	0.0234154	0.0230675	0.0230831	0.0230878	0.0229204	0.0233018	0.0231871	0.0233604	0.0235916	0.0234923	0.0229326	0.0234038	0.0233222	0.0229617	0.0235536	0.0234347	0.0234873	0.0237372	0.023767	0.0236794	0.0237007	0.0230885	0.0230173	0.0230513
0.0235947	0.0208674	0.020364	0.020344	0.0203421	0.0203868	0.0201443	0.0204814	0.0203614	0.0204264	0.0202454	0.0225294	0.022654	0.0222839	0.0225525	0.0224993	0.0224876	0.0228309	0.0223293	0.0224583	0.0224582	0.022404	0.0223859	0.02255	0.0224895	0.0211335	0.0209127	0.0208452	0.0199411	0.0211146	0.0210459	0.021043	0.0210975	0.020414	0.0204236	0.019894	0	0.0200526	0.0201395	0.0198249	0.0218555	0.0218286	0.0218759	0.0218802	0.0234618	0.0235724	0.0236094	0.0230654	0.0236796	0.0235975	0.0251806	0.0218297	0.0234375	0.0234129	0.0234456	0.023138	0.0231033	0.0231871	0.0230576	0.0233522	0.0232668	0.0234153	0.0236447	0.0235968	0.0230122	0.0234711	0.0234113	0.023117	0.0236332	0.0233903	0.0235181	0.023864	0.0238541	0.0237232	0.0237688	0.0231878	0.0231156	0.0231632
0.0235229	0.0208239	0.0203644	0.020242	0.0204025	0.0203835	0.0202426	0.0204244	0.0204223	0.020411	0.0202946	0.0224048	0.0225828	0.0221727	0.0225578	0.022428	0.0224587	0.0227395	0.0222967	0.0223147	0.0223582	0.0223164	0.0223671	0.0224604	0.0224685	0.0210666	0.0208712	0.020881	0.02017	0.0212331	0.0209585	0.020974	0.0210604	0.020329	0.0197036	0.0201811	0.0200526	0	0.0202692	0.0202587	0.0217743	0.0217739	0.0217982	0.0218002	0.0233775	0.0234961	0.0235536	0.0230135	0.0236038	0.0234817	0.0251174	0.0217105	0.0233586	0.0233498	0.0233434	0.0230751	0.0230391	0.0230932	0.0229373	0.02329	0.0231766	0.023287	0.0235952	0.0235056	0.0229348	0.0233847	0.0233091	0.0229859	0.0235405	0.0233774	0.0234673	0.023776	0.0238219	0.0235945	0.0237191	0.0230664	0.023048	0.0230857
0.0235957	0.0207531	0.0202915	0.0204198	0.0202679	0.0204449	0.0202897	0.0204165	0.0203726	0.0203122	0.0203554	0.0223858	0.022537	0.0221923	0.0225176	0.0224612	0.0223922	0.0227458	0.0221639	0.0223163	0.0224308	0.0223636	0.0223403	0.0224568	0.0224275	0.020983	0.0208334	0.020875	0.0200689	0.0211648	0.0209165	0.0209998	0.0209577	0.0202443	0.0204642	0.0198494	0.0201395	0.0202692	0	0.0200825	0.0217694	0.0217618	0.0218497	0.0217652	0.0233584	0.0234555	0.0236047	0.0229998	0.0235381	0.0234836	0.0251574	0.0217113	0.0233438	0.0233714	0.0233744	0.0230382	0.0230263	0.0230965	0.022974	0.023298	0.0232151	0.0233787	0.0235961	0.0235055	0.0229384	0.0233635	0.0233414	0.0229751	0.0235832	0.0233324	0.0235025	0.0237479	0.0238041	0.0236234	0.0237553	0.0231124	0.023025	0.0231058
0.0235944	0.020765	0.020078	0.0203571	0.0202435	0.0203017	0.0203023	0.0202932	0.0204248	0.0201514	0.0202143	0.0223951	0.0225763	0.0221727	0.0224865	0.0224671	0.0224576	0.0227264	0.0222678	0.022358	0.0223626	0.0224082	0.0223294	0.0224379	0.0224199	0.0210858	0.0209307	0.0208119	0.0198087	0.02119	0.0209408	0.0209573	0.0209651	0.0201322	0.020251	0.0202299	0.0198249	0.0202587	0.0200825	0	0.0217376	0.0217284	0.0217796	0.0216875	0.0234233	0.0234824	0.0235301	0.0230162	0.0235335	0.023472	0.025107	0.0217059	0.0232712	0.0233605	0.0233581	0.0230675	0.0229753	0.0231217	0.0229612	0.0233539	0.023203	0.0233028	0.0235823	0.0235252	0.0228984	0.023357	0.0233105	0.0229922	0.0235465	0.0233522	0.0234557	0.0237687	0.0237875	0.023675	0.0237152	0.0230585	0.0230085	0.0230536
0.0228599	0.0223825	0.0217794	0.0217724	0.0216781	0.0217215	0.0217415	0.0217181	0.0217222	0.0217247	0.0217772	0.0223403	0.0223974	0.0220605	0.0223902	0.0223517	0.0224759	0.0225672	0.0223714	0.0222804	0.0223412	0.0222748	0.0223096	0.0224119	0.0223589	0.0216125	0.0214057	0.0221609	0.0217789	0.0225326	0.021585	0.0214781	0.0215939	0.0217864	0.021789	0.0217958	0.0218555	0.0217743	0.0217694	0.0217376	0	0.0204332	0.0205243	0.0201401	0.0226865	0.0227532	0.0228342	0.0220519	0.0228607	0.0227628	0.0238333	0.0199628	0.0225232	0.0226133	0.0226166	0.0220941	0.0221044	0.0220939	0.0220457	0.02247	0.0224118	0.0225925	0.0229026	0.0228389	0.0219268	0.0226285	0.0225971	0.0221019	0.0228617	0.022638	0.022741	0.0231727	0.0231888	0.0230808	0.0231343	0.0221276	0.0220454	0.0220466
0.0228251	0.0223288	0.0217302	0.0217285	0.0216991	0.0217649	0.021744	0.021729	0.0216859	0.0217173	0.0217553	0.022306	0.0224016	0.0220176	0.0224048	0.022425	0.0224386	0.0225824	0.0224054	0.0222275	0.0223631	0.0223007	0.0222483	0.0224367	0.0223854	0.0215236	0.0213951	0.0221781	0.0217536	0.0225493	0.0214573	0.0214929	0.0215473	0.0217615	0.0217484	0.0217405	0.0218286	0.0217739	0.0217618	0.0217284	0.0204332	0	0.0202633	0.0203917	0.0226168	0.0226757	0.0227171	0.0219743	0.0227956	0.0227182	0.023816	0.0203946	0.0225094	0.0225303	0.0225797	0.0220371	0.0219941	0.0220429	0.0220015	0.0224032	0.0223295	0.0224716	0.0227922	0.0226888	0.0219644	0.0226051	0.0224888	0.022005	0.0227918	0.0225658	0.0226792	0.0231038	0.0231606	0.0229823	0.0230449	0.0219695	0.0219789	0.0220693
0.0229092	0.0224084	0.0217834	0.0218522	0.0217504	0.0218004	0.021759	0.0217578	0.0217633	0.0217789	0.021799	0.0223045	0.0223501	0.0220765	0.0224083	0.022342	0.0224288	0.0225613	0.0223383	0.0222371	0.0222983	0.0222461	0.0222075	0.0223488	0.0223851	0.0216259	0.0214987	0.022341	0.0218305	0.0225555	0.0215959	0.021476	0.0215689	0.0218295	0.0218067	0.0217565	0.0218759	0.0217982	0.0218497	0.0217796	0.0205243	0.0202633	0	0.0203711	0.0226108	0.0226747	0.0227503	0.0218744	0.0228626	0.0227056	0.0236795	0.0203905	0.022533	0.0225442	0.0225816	0.0220595	0.0219714	0.0220225	0.022045	0.0224783	0.0223324	0.0225428	0.0228904	0.0227343	0.0219092	0.0225755	0.0225317	0.0220246	0.0227569	0.0225675	0.0227115	0.0232	0.0231894	0.0230535	0.0231538	0.0219978	0.0220042	0.0220148
0.0229527	0.0224106	0.0217195	0.0217311	0.021714	0.0217914	0.0217888	0.021781	0.0217212	0.0217324	0.0217749	0.0223208	0.0224301	0.0220877	0.0224035	0.0223968	0.022467	0.0225419	0.0223507	0.0222739	0.0223272	0.0222879	0.0222654	0.0224835	0.0223124	0.0215276	0.0214731	0.0222772	0.0218159	0.0225024	0.0214724	0.0215348	0.0214985	0.0217776	0.0218391	0.0218011	0.0218802	0.0218002	0.0217652	0.0216875	0.0201401	0.0203917	0.0203711	0	0.0227174	0.0228112	0.0228632	0.0221041	0.0228855	0.0228285	0.0239109	0.0198731	0.0226271	0.0226303	0.0226528	0.0220622	0.0220932	0.0221424	0.0221137	0.0225209	0.0224091	0.0225832	0.0228841	0.022756	0.0219815	0.0226571	0.0225906	0.022084	0.0228298	0.0226788	0.0227818	0.0232067	0.0232278	0.0230678	0.0231918	0.0220143	0.0220982	0.0221443
0.0207311	0.0238574	0.0233759	0.02341	0.0233596	0.0233832	0.0234373	0.023441	0.0234252	0.0234078	0.0234078	0.0229236	0.0229808	0.0226994	0.023138	0.0230358	0.0230378	0.0231898	0.0231234	0.0228765	0.0229626	0.0228642	0.0228504	0.0230651	0.0229811	0.0232726	0.0230829	0.0238033	0.0234025	0.0239919	0.0231441	0.0231363	0.0231728	0.0234032	0.0234013	0.0234165	0.0234618	0.0233775	0.0233584	0.0234233	0.0226865	0.0226168	0.0226108	0.0227174	0	0.0201894	0.0203678	0.0214655	0.0203378	0.0202236	0.0228437	0.0226886	0.0208034	0.0207285	0.0207597	0.0214878	0.0213135	0.0212081	0.021296	0.0206972	0.0206426	0.0208096	0.0203295	0.0203303	0.0213251	0.0207573	0.0207136	0.0214495	0.0201238	0.0207221	0.0203546	0.0213253	0.0212838	0.021178	0.0212784	0.0214279	0.0214013	0.021369
0.0208529	0.0238373	0.0234387	0.0234619	0.023419	0.023441	0.0234593	0.0234389	0.0234564	0.0234284	0.023491	0.0230722	0.0230785	0.0228112	0.0231604	0.0230692	0.0231738	0.0232845	0.0231967	0.0230652	0.0230984	0.0229243	0.0230685	0.0232209	0.0231503	0.0232582	0.023176	0.0238748	0.0234446	0.0240532	0.0231769	0.0231794	0.0232151	0.023499	0.0234578	0.0235165	0.0235724	0.0234961	0.0234555	0.0234824	0.0227532	0.0226757	0.0226747	0.0228112	0.0201894	0	0.0202347	0.0214402	0.020345	0.0187682	0.0230531	0.0227288	0.0208556	0.0207732	0.0209283	0.0215055	0.0213617	0.0212299	0.0212377	0.0207352	0.0206377	0.0207285	0.0198481	0.0203581	0.0213797	0.0208704	0.0208972	0.0215329	0.0200989	0.0208045	0.0203369	0.0213285	0.0213645	0.021178	0.0213042	0.0215808	0.0213856	0.0214242
0.020953	0.0239822	0.0235176	0.0235459	0.0234935	0.0235139	0.0235498	0.0235816	0.0235437	0.0235495	0.0235627	0.0230964	0.0230663	0.0228572	0.0232085	0.0231272	0.0231873	0.0232877	0.0232584	0.0230831	0.023093	0.0229309	0.0230111	0.0233024	0.0231632	0.0233558	0.0232031	0.0239232	0.0235058	0.0241783	0.0232291	0.02332	0.0232985	0.0235702	0.0235584	0.0235792	0.0236094	0.0235536	0.0236047	0.0235301	0.0228342	0.0227171	0.0227503	0.0228632	0.0203678	0.0202347	0	0.0214653	0.0206591	0.0202433	0.0229791	0.0228058	0.0208663	0.0208529	0.0210235	0.0215389	0.0213826	0.0213734	0.0212797	0.0208825	0.0208115	0.0209147	0.0206615	0.02048	0.0213227	0.0209126	0.0209663	0.0214873	0.0205622	0.0209175	0.0205552	0.0214466	0.0213994	0.0213426	0.0213988	0.0215575	0.0215062	0.0214914
0.0216761	0.0234797	0.0230115	0.0229861	0.0228946	0.022979	0.0230254	0.0229986	0.0229818	0.0230293	0.0230028	0.0224721	0.0224933	0.0221754	0.0225738	0.0224639	0.0225589	0.0226526	0.0226401	0.02244	0.0225524	0.022351	0.0223485	0.0225869	0.0224958	0.0227504	0.0225428	0.0234423	0.0229862	0.0236761	0.022673	0.0226695	0.0226325	0.0229712	0.02298	0.0229869	0.0230654	0.0230135	0.0229998	0.0230162	0.0220519	0.0219743	0.0218744	0.0221041	0.0214655	0.0214402	0.0214653	0	0.0217114	0.0214817	0.0223815	0.0221008	0.0214587	0.0214232	0.0214258	0.0207999	0.0207888	0.0206853	0.0208827	0.0213209	0.0212247	0.0212605	0.0216899	0.0214963	0.0205293	0.0214401	0.0213704	0.0208547	0.0215939	0.0214825	0.0216378	0.0221167	0.0221152	0.0219802	0.0221004	0.0206419	0.020631	0.0207083
0.0206714	0.0239894	0.0235283	0.023529	0.0235117	0.0235493	0.0235632	0.0235694	0.0235805	0.0235662	0.0236015	0.023168	0.0232278	0.022961	0.0233386	0.0232373	0.0232884	0.0234096	0.0233967	0.0231986	0.0232423	0.0231419	0.0231485	0.0233726	0.0233712	0.0234213	0.0232897	0.0238903	0.0236036	0.0241216	0.0233931	0.0233316	0.0233567	0.023611	0.0236125	0.0235988	0.0236796	0.0236038	0.0235381	0.0235335	0.0228607	0.0227956	0.0228626	0.0228855	0.0203378	0.020345	0.0206591	0.0217114	0	0.0201658	0.0232221	0.0229054	0.0207697	0.0208271	0.0207809	0.0216492	0.0215683	0.0214791	0.0214092	0.0208752	0.020605	0.0208567	0.0202345	0.0203855	0.0214819	0.0208672	0.0208144	0.0216602	0.0202554	0.0208176	0.0201585	0.0213033	0.0212012	0.0211098	0.0212308	0.0217199	0.0216565	0.021612
0.0208191	0.0238966	0.0234141	0.0234576	0.0234229	0.0234588	0.0235078	0.023471	0.0235012	0.0234825	0.0234797	0.0230626	0.0231678	0.0228292	0.0231614	0.0231028	0.0231757	0.0233315	0.0232254	0.0230854	0.0231357	0.0229501	0.023075	0.0231996	0.0231644	0.0233296	0.0231286	0.0238531	0.023486	0.0240683	0.0232246	0.023211	0.0232338	0.023463	0.0235294	0.0234781	0.0235975	0.0234817	0.0234836	0.023472	0.0227628	0.0227182	0.0227056	0.0228285	0.0202236	0.0187682	0.0202433	0.0214817	0.0201658	0	0.023093	0.0227854	0.0207619	0.0207614	0.020787	0.0214467	0.0213875	0.0213183	0.0213427	0.0207743	0.020662	0.0208098	0.0202452	0.0203177	0.0213923	0.0207887	0.0208378	0.0215246	0.0203031	0.0208272	0.0201865	0.0213684	0.0212518	0.0210876	0.0211924	0.0216539	0.0214971	0.0214168
0.0235589	0.0254444	0.0250916	0.0250591	0.0250223	0.0251068	0.0251652	0.025157	0.0250867	0.0251396	0.0251273	0.0213749	0.0213243	0.0211241	0.0215261	0.0213702	0.0215524	0.0213791	0.0219164	0.0214224	0.0214795	0.0211684	0.0213323	0.0216555	0.0215984	0.0244252	0.0243169	0.0254561	0.0251315	0.0256038	0.0243084	0.0244646	0.0243889	0.025126	0.0250844	0.0251322	0.0251806	0.0251174	0.0251574	0.025107	0.0238333	0.023816	0.0236795	0.0239109	0.0228437	0.0230531	0.0229791	0.0223815	0.0232221	0.023093	0	0.0239226	0.0231866	0.0231824	0.0231237	0.0225217	0.0224776	0.0223071	0.0224663	0.0230803	0.0228717	0.0231736	0.023126	0.023091	0.0223318	0.0231216	0.023079	0.0225634	0.0230808	0.0230756	0.0230925	0.0240434	0.0239489	0.0239075	0.0239796	0.0223405	0.0223618	0.0223681
0.0228847	0.0223283	0.0217326	0.0216911	0.0216765	0.0217104	0.0217211	0.0217075	0.0216883	0.0216351	0.0217453	0.0223322	0.0223503	0.0221178	0.0224596	0.0224101	0.0224423	0.0226031	0.0224085	0.0221566	0.0223755	0.0223059	0.022268	0.0224738	0.0224877	0.0215925	0.021427	0.0222133	0.02171	0.0224777	0.0214787	0.0214136	0.0215112	0.0217103	0.0217649	0.0217583	0.0218297	0.0217105	0.0217113	0.0217059	0.0199628	0.0203946	0.0203905	0.0198731	0.0226886	0.0227288	0.0228058	0.0221008	0.0229054	0.0227854	0.0239226	0	0.0225597	0.0225827	0.0226568	0.0221268	0.0221589	0.0221285	0.0220843	0.0225265	0.0224512	0.0226074	0.0228699	0.0228179	0.0219196	0.0226707	0.0226436	0.0220823	0.0228678	0.0226355	0.0227908	0.0231774	0.0231789	0.0230923	0.0231309	0.0220137	0.0221579	0.0221547
