0.000010 0.000010 0.000010 0.000010 0.000016 0.000010 0.999914 0.000010 0.000010
0.000010 0.000010 0.000010 0.000010 0.000010 0.999920 0.000010 0.000010 0.000010
0.999917 0.000010 0.000011 0.000010 0.000011 0.000010 0.000010 0.000010 0.000010
0.000010 0.000010 0.000010 0.000010 0.000010 0.999920 0.000010 0.000010 0.000010
0.999920 0.000010 0.000010 0.000010 0.000010 0.000010 0.000010 0.000010 0.000010
0.999917 0.000010 0.000010 0.000010 0.000010 0.000013 0.000010 0.000010 0.000010
0.999920 0.000010 0.000010 0.000010 0.000010 0.000010 0.000010 0.000010 0.000010
0.000010 0.000010 0.000012 0.000010 0.000010 0.000011 0.000010 0.000010 0.999917
0.135391 0.000165 0.000010 0.441692 0.000010 0.000010 0.022195 0.000010 0.400516
0.000010 0.000010 0.000010 0.999920 0.000010 0.000010 0.000010 0.000010 0.000010
0.000010 0.000010 0.000010 0.699500 0.000010 0.000010 0.042414 0.000010 0.258027
0.000010 0.018527 0.000010 0.630654 0.000010 0.000010 0.030347 0.000010 0.320423
0.000010 0.000010 0.000010 0.999920 0.000010 0.000010 0.000010 0.000010 0.000010
0.000010 0.000010 0.000010 0.999920 0.000010 0.000010 0.000010 0.000010 0.000010
0.000010 0.000010 0.000010 0.999920 0.000010 0.000010 0.000010 0.000010 0.000010
0.000010 0.000010 0.000010 0.000010 0.000010 0.000010 0.000010 0.999920 0.000010
0.000010 0.000010 0.000010 0.000010 0.000010 0.000010 0.000010 0.999920 0.000010
0.000010 0.000010 0.000010 0.000010 0.000010 0.000010 0.000010 0.999920 0.000010
0.000010 0.000010 0.000010 0.000010 0.000010 0.000010 0.000010 0.999920 0.000010
0.197696 0.000010 0.000010 0.196383 0.000010 0.064720 0.017329 0.523832 0.000010
0.018215 0.245471 0.000010 0.215095 0.000010 0.043859 0.000010 0.408496 0.068834
0.000010 0.000010 0.000010 0.588510 0.000010 0.000010 0.000010 0.411420 0.000010
0.000020 0.000016 0.000011 0.000011 0.000011 0.000010 0.000011 0.999901 0.000010
0.040823 0.000010 0.000010 0.350133 0.000010 0.000010 0.000010 0.608984 0.000010
0.000011 0.000010 0.000010 0.000010 0.000010 0.000010 0.000010 0.999919 0.000010
0.000010 0.000010 0.275764 0.000010 0.273715 0.000010 0.000010 0.000010 0.450461
0.000010 0.000010 0.273006 0.000010 0.257006 0.000010 0.000010 0.000010 0.469928
0.000010 0.000015 0.000010 0.000010 0.999915 0.000010 0.000010 0.000010 0.000010
0.000010 0.000010 0.000010 0.000010 0.999920 0.000010 0.000010 0.000010 0.000010
0.000010 0.000010 0.000010 0.000010 0.999920 0.000010 0.000010 0.000010 0.000010
0.000010 0.000011 0.999911 0.000010 0.000018 0.000010 0.000010 0.000010 0.000010
0.000010 0.000010 0.254522 0.000010 0.266413 0.000010 0.000010 0.000010 0.479005
0.000010 0.999920 0.000010 0.000010 0.000010 0.000010 0.000010 0.000010 0.000010
0.000010 0.000010 0.000010 0.000010 0.999920 0.000010 0.000010 0.000010 0.000010
0.000010 0.000010 0.000010 0.000010 0.999920 0.000010 0.000010 0.000010 0.000010
0.000010 0.000010 0.999913 0.000010 0.000010 0.000017 0.000010 0.000010 0.000010
0.000010 0.027432 0.000010 0.473630 0.000010 0.013532 0.000010 0.290244 0.195122
0.554863 0.000010 0.000010 0.000010 0.000010 0.445067 0.000010 0.000010 0.000010
0.000010 0.000010 0.000010 0.999920 0.000010 0.000010 0.000010 0.000010 0.000010
0.000010 0.000010 0.297465 0.000010 0.240806 0.000010 0.000010 0.000010 0.461669
0.000010 0.000010 0.282063 0.000010 0.275229 0.000010 0.000010 0.000010 0.442648
0.000010 0.000010 0.999920 0.000010 0.000010 0.000010 0.000010 0.000010 0.000010
0.000010 0.000010 0.308308 0.000010 0.244819 0.000010 0.000010 0.000010 0.446812
0.000010 0.000010 0.999920 0.000010 0.000010 0.000010 0.000010 0.000010 0.000010
0.000010 0.000010 0.999920 0.000010 0.000010 0.000010 0.000010 0.000010 0.000010
0.000010 0.000010 0.270685 0.000010 0.294583 0.000010 0.000010 0.000010 0.434673
0.000010 0.000010 0.000010 0.000010 0.000010 0.000010 0.000010 0.000010 0.999920
0.000010 0.000010 0.000010 0.000010 0.999914 0.000016 0.000010 0.000010 0.000010
