0.005561 0.157585 0.767054 0.069800
0.042258 0.000010 0.957722 0.000010
0.043855 0.000010 0.956125 0.000010
0.041214 0.000010 0.958766 0.000010
0.029489 0.000010 0.970491 0.000010
0.031894 0.000010 0.968086 0.000010
0.045054 0.000010 0.954926 0.000010
0.012202 0.120095 0.854002 0.013702
0.022239 0.100443 0.825316 0.052002
0.021315 0.111541 0.866536 0.000609
0.004750 0.140583 0.828926 0.025742
0.036447 0.122937 0.818212 0.022403
0.010514 0.092486 0.871583 0.025417
0.013809 0.126124 0.860057 0.000010
0.033061 0.109283 0.857646 0.000010
0.000010 0.022001 0.977979 0.000010
0.000010 0.019013 0.974323 0.006655
0.000010 0.026978 0.973002 0.000010
0.000010 0.022845 0.977135 0.000010
0.012606 0.010577 0.976806 0.000010
0.239765 0.018635 0.737842 0.003757
0.000477 0.085506 0.905896 0.008121
0.000010 0.033573 0.964968 0.001449
0.000010 0.055628 0.944352 0.000010
0.003866 0.021117 0.975007 0.000010
0.001770 0.478078 0.198806 0.321345
0.002512 0.471024 0.217509 0.308955
0.000010 0.000010 0.000010 0.999970
0.000010 0.000010 0.000010 0.999970
0.000010 0.000010 0.000010 0.999970
0.000010 0.999970 0.000010 0.000010
0.000010 0.442040 0.247748 0.310202
0.999970 0.000010 0.000010 0.000010
0.000010 0.000010 0.000010 0.999970
0.000010 0.000010 0.000010 0.999970
0.000010 0.999970 0.000010 0.000010
0.038671 0.079663 0.856857 0.024809
0.039783 0.000010 0.959886 0.000321
0.011814 0.131373 0.820470 0.036343
0.027916 0.504130 0.167219 0.300736
0.011842 0.484601 0.183041 0.320516
0.000010 0.999970 0.000010 0.000010
0.000010 0.507190 0.197053 0.295747
0.000010 0.999970 0.000010 0.000010
0.000010 0.999970 0.000010 0.000010
0.004282 0.474581 0.178196 0.342942
0.005607 0.090938 0.875401 0.028054
0.000010 0.000010 0.000010 0.999970
