0.000010 0.001146 0.000010 0.000010 0.000010 0.209731 0.000010 0.789073
0.000010 0.000010 0.000010 0.000010 0.000010 0.000010 0.999930 0.000010
0.000010 0.000010 0.000010 0.000010 0.000010 0.000010 0.999930 0.000010
0.000010 0.000010 0.000010 0.000010 0.000010 0.000010 0.999930 0.000010
0.000010 0.000010 0.000010 0.000010 0.000010 0.000010 0.999930 0.000010
0.000010 0.000010 0.000010 0.000010 0.000010 0.000010 0.999930 0.000010
0.000010 0.000010 0.000010 0.000010 0.000010 0.000010 0.999930 0.000010
0.000010 0.008520 0.000010 0.000010 0.000010 0.075877 0.000010 0.915553
0.000010 0.016474 0.000010 0.000010 0.000010 0.156115 0.095348 0.732023
0.000010 0.018301 0.000010 0.000010 0.032995 0.000010 0.000010 0.948654
0.000010 0.001319 0.000010 0.000015 0.010825 0.079950 0.000010 0.907861
0.000010 0.032427 0.000010 0.000010 0.000010 0.092968 0.000010 0.874555
0.000010 0.007128 0.027913 0.000010 0.000010 0.000010 0.000010 0.964909
0.000010 0.010471 0.000010 0.027714 0.002746 0.000010 0.000010 0.959030
0.000010 0.029803 0.000010 0.000010 0.023868 0.000010 0.000010 0.946279
0.000010 0.000010 0.000010 0.000010 0.000010 0.000010 0.243723 0.756217
0.000010 0.000010 0.000010 0.000010 0.000014 0.000010 0.267564 0.732372
0.000010 0.000010 0.000010 0.000010 0.000010 0.000010 0.300174 0.699766
0.000010 0.000010 0.000010 0.000010 0.000010 0.000010 0.270163 0.729777
0.000010 0.000010 0.000010 0.000010 0.000010 0.000010 0.407520 0.592420
0.005830 0.227052 0.000010 0.000010 0.000010 0.000010 0.187766 0.579312
0.000010 0.001245 0.000010 0.000010 0.024217 0.000010 0.000010 0.974488
0.000018 0.000010 0.000010 0.000010 0.000010 0.000010 0.265003 0.734929
0.000010 0.000010 0.000010 0.000515 0.000753 0.000010 0.237214 0.761479
0.000010 0.000010 0.000010 0.000010 0.000010 0.000010 0.266985 0.732955
0.000010 0.000010 0.000010 0.000010 0.999930 0.000010 0.000010 0.000010
0.000010 0.000010 0.000010 0.000010 0.000015 0.999925 0.000010 0.000010
0.999930 0.000010 0.000010 0.000010 0.000010 0.000010 0.000010 0.000010
0.000010 0.000010 0.999930 0.000010 0.000010 0.000010 0.000010 0.000010
0.000010 0.000010 0.999930 0.000010 0.000010 0.000010 0.000010 0.000010
0.000010 0.000010 0.000010 0.999930 0.000010 0.000010 0.000010 0.000010
0.000011 0.000010 0.000010 0.000010 0.000010 0.999929 0.000010 0.000010
0.000010 0.999930 0.000010 0.000010 0.000010 0.000010 0.000010 0.000010
0.000010 0.000010 0.999930 0.000010 0.000010 0.000010 0.000010 0.000010
0.000010 0.000011 0.999926 0.000010 0.000010 0.000013 0.000010 0.000010
0.000010 0.000010 0.000010 0.999930 0.000010 0.000010 0.000010 0.000010
0.000010 0.033600 0.021266 0.000010 0.000010 0.000010 0.000010 0.945084
0.000010 0.000010 0.000010 0.000010 0.000010 0.000010 0.999930 0.000010
0.000010 0.009140 0.000010 0.000010 0.000010 0.126339 0.000010 0.864471
0.000010 0.000010 0.000010 0.000010 0.999930 0.000010 0.000010 0.000010
0.000010 0.000015 0.000010 0.000010 0.999922 0.000012 0.000010 0.000010
0.000010 0.000010 0.000010 0.999930 0.000010 0.000010 0.000010 0.000010
0.000010 0.000010 0.000010 0.000010 0.999930 0.000010 0.000010 0.000010
0.000010 0.000010 0.000010 0.999930 0.000010 0.000010 0.000010 0.000010
0.000010 0.000010 0.000014 0.999926 0.000010 0.000010 0.000010 0.000010
0.000010 0.000010 0.000010 0.000010 0.536604 0.463336 0.000010 0.000010
0.000010 0.002497 0.000010 0.000010 0.000010 0.094127 0.048794 0.854542
0.999924 0.000016 0.000010 0.000010 0.000010 0.000010 0.000010 0.000010
