0.752698 0.181784 0.065519
0.999980 0.000010 0.000010
0.999980 0.000010 0.000010
0.999980 0.000010 0.000010
0.999980 0.000010 0.000010
0.999980 0.000010 0.000010
0.998575 0.000010 0.001415
0.843678 0.144668 0.011655
0.829333 0.121123 0.049544
0.865943 0.134047 0.000010
0.810536 0.166365 0.023099
0.837215 0.146357 0.016429
0.858509 0.119780 0.021711
0.850809 0.149181 0.000010
0.869645 0.130345 0.000010
0.945244 0.054746 0.000010
0.942104 0.053377 0.004519
0.937693 0.062297 0.000010
0.941332 0.058658 0.000010
0.961211 0.038779 0.000010
0.926840 0.045352 0.027808
0.878501 0.114303 0.007196
0.931472 0.068518 0.000010
0.909470 0.090520 0.000010
0.947576 0.052414 0.000010
0.189961 0.491699 0.318340
0.210461 0.483694 0.305844
0.000010 0.000010 0.999980
0.000010 0.000010 0.999980
0.000010 0.000010 0.999980
0.000010 0.999980 0.000010
0.236908 0.455130 0.307962
0.999980 0.000010 0.000010
0.000010 0.000010 0.999980
0.000010 0.000010 0.999980
0.000010 0.999980 0.000010
0.878640 0.102845 0.018515
0.989855 0.000010 0.010135
0.810357 0.156897 0.032746
0.190264 0.512409 0.297327
0.187003 0.495418 0.317578
0.000010 0.999980 0.000010
0.183583 0.523865 0.292552
0.000010 0.999980 0.000010
0.000010 0.999980 0.000010
0.173612 0.486206 0.340181
0.855383 0.117153 0.027464
0.000010 0.000010 0.999980
