0.207920 0.000010 0.000010 0.000010 0.000010 0.001932 0.000010 0.790097
0.000010 0.999930 0.000010 0.000010 0.000010 0.000010 0.000010 0.000010
0.000010 0.999930 0.000010 0.000010 0.000010 0.000010 0.000010 0.000010
0.000010 0.999929 0.000011 0.000010 0.000010 0.000010 0.000010 0.000010
0.000010 0.999930 0.000010 0.000010 0.000010 0.000010 0.000010 0.000010
0.000010 0.999930 0.000010 0.000010 0.000010 0.000010 0.000010 0.000010
0.000010 0.999930 0.000010 0.000010 0.000010 0.000010 0.000010 0.000010
0.036872 0.000010 0.000010 0.000010 0.000010 0.008563 0.000010 0.954515
0.066050 0.124164 0.000010 0.035707 0.005093 0.018205 0.000010 0.750761
0.000010 0.000010 0.000010 0.000010 0.010781 0.019123 0.000010 0.970046
0.077787 0.000010 0.000607 0.000010 0.000010 0.001646 0.000010 0.919920
0.076120 0.000010 0.000010 0.000010 0.000010 0.033732 0.000010 0.890098
0.000010 0.000010 0.000010 0.016585 0.000010 0.008333 0.000010 0.975031
0.000010 0.000010 0.029156 0.000010 0.000010 0.011513 0.000010 0.959281
0.000010 0.000010 0.000010 0.000010 0.003913 0.031061 0.003909 0.961078
0.000010 0.249397 0.000010 0.000010 0.000010 0.000010 0.000010 0.750543
0.000010 0.271948 0.000010 0.000010 0.000010 0.000010 0.000010 0.727992
0.000010 0.300995 0.000010 0.000010 0.000010 0.000010 0.000010 0.698945
0.000010 0.275045 0.000010 0.000010 0.000010 0.000010 0.000010 0.724895
0.000010 0.410386 0.000010 0.000010 0.000010 0.000010 0.000010 0.589554
0.000010 0.188978 0.000010 0.000010 0.000010 0.225921 0.005413 0.579648
0.000010 0.000010 0.000010 0.001418 0.003608 0.002389 0.000010 0.992545
0.000010 0.267226 0.000010 0.000012 0.000759 0.000010 0.000010 0.731963
0.000010 0.238408 0.000010 0.000010 0.000010 0.000010 0.000010 0.761532
0.000010 0.272958 0.000010 0.000010 0.000010 0.000010 0.000010 0.726982
0.999930 0.000010 0.000010 0.000010 0.000010 0.000010 0.000010 0.000010
0.999930 0.000010 0.000010 0.000010 0.000010 0.000010 0.000010 0.000010
0.000010 0.000010 0.000010 0.999930 0.000010 0.000010 0.000010 0.000010
0.000010 0.000010 0.000010 0.000010 0.000010 0.000010 0.999930 0.000010
0.000010 0.000010 0.000010 0.000010 0.000011 0.000012 0.999927 0.000010
0.000013 0.000011 0.999925 0.000010 0.000010 0.000010 0.000010 0.000010
0.999930 0.000010 0.000010 0.000010 0.000010 0.000010 0.000010 0.000010
0.000011 0.000013 0.000010 0.000010 0.000011 0.999924 0.000010 0.000010
0.000010 0.000012 0.000010 0.438221 0.000010 0.000010 0.561717 0.000010
0.000010 0.000010 0.000010 0.999930 0.000010 0.000010 0.000010 0.000010
0.000010 0.000010 0.000010 0.000010 0.999930 0.000010 0.000010 0.000010
0.000010 0.000010 0.000013 0.012714 0.000010 0.034846 0.000010 0.952387
0.000011 0.999929 0.000010 0.000010 0.000010 0.000010 0.000010 0.000010
0.076614 0.000010 0.000010 0.013550 0.004870 0.009876 0.000010 0.895061
0.999929 0.000010 0.000010 0.000010 0.000011 0.000010 0.000010 0.000010
0.999930 0.000010 0.000010 0.000010 0.000010 0.000010 0.000010 0.000010
0.000010 0.000010 0.999930 0.000010 0.000010 0.000010 0.000010 0.000010
0.999930 0.000010 0.000010 0.000010 0.000010 0.000010 0.000010 0.000010
0.000010 0.000010 0.000010 0.000010 0.999926 0.000014 0.000010 0.000010
0.000010 0.000010 0.999930 0.000010 0.000010 0.000010 0.000010 0.000010
0.999930 0.000010 0.000010 0.000010 0.000010 0.000010 0.000010 0.000010
0.037994 0.062160 0.000010 0.011544 0.000010 0.002032 0.000010 0.886240
0.000010 0.000010 0.000010 0.999929 0.000010 0.000011 0.000010 0.000010
