0.412955 0.481562 0.000010 0.105432 0.000010 0.000010 0.000010 0.000010
0.999925 0.000010 0.000015 0.000010 0.000010 0.000010 0.000010 0.000010
0.000010 0.999926 0.000010 0.000010 0.000014 0.000010 0.000010 0.000010
0.000010 0.000017 0.000017 0.000010 0.000012 0.000010 0.000010 0.999914
0.000010 0.000010 0.000010 0.000010 0.000010 0.000010 0.000010 0.999930
0.000010 0.000010 0.000010 0.000010 0.000010 0.000010 0.000010 0.999930
0.000010 0.000010 0.000010 0.000010 0.000010 0.000010 0.999930 0.000010
0.000010 0.000010 0.000010 0.000010 0.000010 0.000010 0.986702 0.013238
0.000010 0.000010 0.001263 0.000010 0.000010 0.000010 0.963018 0.035669
0.000010 0.000010 0.000010 0.000010 0.000010 0.000010 0.985004 0.014936
0.000010 0.000010 0.000010 0.000010 0.000014 0.000010 0.993473 0.006463
0.000010 0.000010 0.999930 0.000010 0.000010 0.000010 0.000010 0.000010
0.000010 0.000010 0.999930 0.000010 0.000010 0.000010 0.000010 0.000010
0.000010 0.000010 0.999929 0.000011 0.000010 0.000010 0.000010 0.000010
0.000010 0.000010 0.999930 0.000010 0.000010 0.000010 0.000010 0.000010
0.000010 0.999930 0.000010 0.000010 0.000010 0.000010 0.000010 0.000010
0.000010 0.999929 0.000010 0.000010 0.000011 0.000010 0.000010 0.000010
0.132990 0.866950 0.000010 0.000010 0.000010 0.000010 0.000010 0.000010
0.000010 0.000010 0.000010 0.000010 0.000010 0.999930 0.000010 0.000010
0.000010 0.999911 0.000017 0.000010 0.000013 0.000019 0.000010 0.000010
0.000010 0.531332 0.000010 0.000010 0.000010 0.468608 0.000010 0.000010
0.000010 0.593194 0.000010 0.000010 0.000010 0.406746 0.000010 0.000010
0.000010 0.000010 0.000010 0.999930 0.000010 0.000010 0.000010 0.000010
0.000010 0.000010 0.000010 0.000010 0.000010 0.999930 0.000010 0.000010
0.000010 0.902463 0.000010 0.097477 0.000010 0.000010 0.000010 0.000010
0.000017 0.604168 0.000010 0.000010 0.000010 0.395764 0.000010 0.000010
0.421411 0.578524 0.000010 0.000011 0.000010 0.000010 0.000015 0.000010
0.274966 0.511295 0.000010 0.213688 0.000010 0.000010 0.000010 0.000010
0.377611 0.487071 0.000010 0.135268 0.000010 0.000010 0.000010 0.000010
0.999930 0.000010 0.000010 0.000010 0.000010 0.000010 0.000010 0.000010
0.999920 0.000010 0.000020 0.000010 0.000010 0.000010 0.000010 0.000010
0.000010 0.000010 0.000010 0.999930 0.000010 0.000010 0.000010 0.000010
0.000010 0.470560 0.000010 0.000010 0.000010 0.085305 0.444085 0.000010
0.000010 0.409516 0.000010 0.000010 0.000010 0.000010 0.590424 0.000010
0.000010 0.000010 0.000010 0.000010 0.000010 0.000010 0.999930 0.000010
0.000010 0.000010 0.000010 0.000010 0.000010 0.000010 0.999930 0.000010
0.000010 0.452274 0.000010 0.000010 0.000010 0.031322 0.516354 0.000010
0.000010 0.440893 0.000010 0.000010 0.000010 0.012593 0.546465 0.000010
0.000010 0.000010 0.000010 0.000010 0.000010 0.000010 0.999930 0.000010
0.000010 0.000010 0.000010 0.000010 0.999930 0.000010 0.000010 0.000010
0.000010 0.000010 0.000010 0.000010 0.999930 0.000010 0.000010 0.000010
0.000010 0.000010 0.000010 0.000010 0.999930 0.000010 0.000010 0.000010
0.000010 0.000010 0.000010 0.000010 0.000010 0.999929 0.000010 0.000010
