0.000010 0.000010 0.000010 0.000010 0.999920 0.000010 0.000010 0.000010 0.000010
0.000010 0.000010 0.000020 0.000010 0.999910 0.000010 0.000010 0.000010 0.000010
0.000010 0.000010 0.000010 0.000010 0.644274 0.000010 0.000010 0.000010 0.355656
0.000010 0.999918 0.000010 0.000010 0.000010 0.000012 0.000010 0.000010 0.000010
0.000010 0.999920 0.000010 0.000010 0.000010 0.000010 0.000010 0.000010 0.000010
0.000010 0.999920 0.000010 0.000010 0.000010 0.000010 0.000010 0.000010 0.000010
0.000010 0.000010 0.000010 0.000010 0.000010 0.999920 0.000010 0.000010 0.000010
0.000010 0.006376 0.000010 0.950055 0.000010 0.043509 0.000010 0.000010 0.000010
0.000010 0.010683 0.000010 0.989247 0.000010 0.000010 0.000010 0.000010 0.000010
0.000010 0.000010 0.000010 0.999920 0.000010 0.000010 0.000010 0.000010 0.000010
0.000010 0.000010 0.000010 0.999920 0.000010 0.000010 0.000010 0.000010 0.000010
0.999919 0.000010 0.000010 0.000010 0.000010 0.000010 0.000011 0.000010 0.000010
0.000010 0.000010 0.000013 0.000010 0.000010 0.000010 0.999917 0.000010 0.000010
0.999920 0.000010 0.000010 0.000010 0.000010 0.000010 0.000010 0.000010 0.000010
0.000010 0.000010 0.000010 0.000010 0.000010 0.000010 0.999920 0.000010 0.000010
0.000010 0.000010 0.000010 0.000010 0.000010 0.000010 0.000010 0.000010 0.999920
0.000010 0.000010 0.000315 0.000010 0.468466 0.000010 0.000010 0.000010 0.531159
0.000010 0.000010 0.000010 0.000010 0.723646 0.000010 0.000010 0.000010 0.276284
0.000010 0.000010 0.999920 0.000010 0.000010 0.000010 0.000010 0.000010 0.000010
0.000010 0.000010 0.000010 0.000010 0.680698 0.000010 0.000010 0.000010 0.319232
0.000010 0.000010 0.000010 0.000010 0.000010 0.000010 0.000010 0.000010 0.999920
0.000010 0.000010 0.076685 0.000010 0.262140 0.000010 0.000010 0.000010 0.661116
0.000010 0.000011 0.024440 0.000010 0.615845 0.000010 0.000010 0.000010 0.359655
0.000010 0.000010 0.222701 0.000010 0.000010 0.000010 0.000010 0.000010 0.777229
0.000010 0.000010 0.000010 0.000010 0.500289 0.000010 0.000010 0.000010 0.499641
0.000010 0.000010 0.000010 0.000010 0.000010 0.000010 0.000010 0.000010 0.999920
0.000010 0.000010 0.000010 0.000010 0.999920 0.000010 0.000010 0.000010 0.000010
0.000010 0.000010 0.019852 0.000010 0.772123 0.000010 0.000010 0.000010 0.207965
0.000010 0.000010 0.001963 0.000010 0.997967 0.000010 0.000010 0.000010 0.000010
0.000010 0.000010 0.000010 0.000010 0.999920 0.000010 0.000010 0.000010 0.000010
0.000010 0.000010 0.000010 0.000010 0.999920 0.000010 0.000010 0.000010 0.000010
0.000012 0.000014 0.013068 0.000014 0.714782 0.000013 0.000010 0.000010 0.272077
0.000010 0.000010 0.000010 0.436321 0.063714 0.000010 0.000010 0.000010 0.499905
0.000010 0.000010 0.000010 0.584794 0.000010 0.000010 0.000010 0.000010 0.415136
0.000010 0.000010 0.000010 0.999920 0.000010 0.000010 0.000010 0.000010 0.000010
0.000010 0.000010 0.000010 0.999920 0.000010 0.000010 0.000010 0.000010 0.000010
0.000010 0.000010 0.000010 0.509064 0.000010 0.000010 0.000010 0.000010 0.490866
0.000010 0.000010 0.000010 0.373277 0.000010 0.158991 0.000010 0.000010 0.467673
0.000010 0.000010 0.000010 0.999920 0.000010 0.000010 0.000010 0.000010 0.000010
0.000014 0.000010 0.000010 0.000010 0.000010 0.000010 0.000010 0.999916 0.000010
0.000010 0.000010 0.000010 0.000010 0.000010 0.000010 0.000010 0.999920 0.000010
0.000010 0.000010 0.000010 0.000010 0.000010 0.000010 0.000010 0.999920 0.000010
0.000010 0.000010 0.003912 0.000010 0.000010 0.000010 0.000010 0.000010 0.996018
