0.000010 0.000010 0.421994 0.000010 0.000010 0.000010 0.000010 0.577946
0.000010 0.000010 0.000014 0.000010 0.000010 0.000010 0.000010 0.999926
0.000010 0.000010 0.999930 0.000010 0.000010 0.000010 0.000010 0.000010
0.000010 0.000010 0.000010 0.000010 0.000010 0.000010 0.999930 0.000010
0.000010 0.000010 0.000010 0.000010 0.000010 0.000010 0.999930 0.000010
0.000010 0.000010 0.000010 0.000010 0.000010 0.000010 0.999930 0.000010
0.000010 0.999930 0.000010 0.000010 0.000010 0.000010 0.000010 0.000010
0.000010 0.988991 0.000010 0.000010 0.000010 0.000010 0.010949 0.000010
0.000010 0.969093 0.000010 0.000010 0.000010 0.000010 0.030847 0.000010
0.000010 0.990333 0.000010 0.000010 0.000010 0.000010 0.009607 0.000010
0.000010 0.998154 0.000010 0.000010 0.000010 0.000010 0.001786 0.000010
0.000010 0.000010 0.000010 0.999930 0.000010 0.000010 0.000010 0.000010
0.000010 0.000010 0.000010 0.999930 0.000010 0.000010 0.000010 0.000010
0.000012 0.000010 0.000010 0.999928 0.000010 0.000010 0.000010 0.000010
0.000010 0.000010 0.000010 0.999930 0.000010 0.000010 0.000010 0.000010
0.000015 0.000010 0.999920 0.000013 0.000012 0.000010 0.000010 0.000010
0.000010 0.000010 0.000010 0.000010 0.999930 0.000010 0.000010 0.000010
0.000010 0.000010 0.537104 0.000010 0.253083 0.000010 0.000010 0.209763
0.000010 0.000010 0.000010 0.000010 0.000010 0.999930 0.000010 0.000010
0.000010 0.000010 0.999930 0.000010 0.000010 0.000010 0.000010 0.000010
0.000010 0.000010 0.480857 0.000010 0.000010 0.519083 0.000010 0.000010
0.000010 0.000010 0.214478 0.000010 0.245897 0.446471 0.000010 0.093114
0.000010 0.000010 0.000010 0.000010 0.999930 0.000010 0.000010 0.000010
0.000010 0.000010 0.000010 0.000010 0.000010 0.999930 0.000010 0.000010
0.000010 0.000010 0.421102 0.000010 0.578838 0.000010 0.000010 0.000010
0.000010 0.000010 0.611789 0.000010 0.000010 0.388151 0.000010 0.000010
0.000010 0.000010 0.459041 0.000010 0.000010 0.000010 0.000010 0.540899
0.000010 0.000010 0.305622 0.000010 0.355025 0.000010 0.000010 0.339303
0.000010 0.000010 0.329318 0.000010 0.236146 0.000010 0.000010 0.434486
0.000010 0.000010 0.000010 0.000010 0.000010 0.000010 0.000010 0.999930
0.000010 0.000010 0.000010 0.000014 0.000010 0.000010 0.000010 0.999926
0.000016 0.000010 0.000010 0.000012 0.999913 0.000010 0.000019 0.000010
0.000010 0.430588 0.000010 0.000010 0.000010 0.241171 0.000010 0.328191
0.000010 0.574693 0.000010 0.000010 0.000010 0.158220 0.000010 0.267037
0.000010 0.999930 0.000010 0.000010 0.000010 0.000010 0.000010 0.000010
0.000010 0.999930 0.000010 0.000010 0.000010 0.000010 0.000010 0.000010
0.000010 0.506712 0.000010 0.000010 0.020859 0.207947 0.000010 0.264442
0.000010 0.529061 0.000010 0.000010 0.000010 0.194518 0.000010 0.276371
0.000010 0.999930 0.000010 0.000010 0.000010 0.000010 0.000010 0.000010
0.999930 0.000010 0.000010 0.000010 0.000010 0.000010 0.000010 0.000010
0.999916 0.000016 0.000012 0.000010 0.000010 0.000017 0.000010 0.000010
0.999930 0.000010 0.000010 0.000010 0.000010 0.000010 0.000010 0.000010
0.000010 0.000010 0.000010 0.000010 0.000010 0.999930 0.000010 0.000010
