0.000010 0.000010 0.000010 0.000010 0.999930 0.000010 0.000010 0.000010
0.000011 0.000010 0.000010 0.000010 0.999929 0.000010 0.000010 0.000010
0.000010 0.000010 0.000010 0.000010 0.639954 0.000010 0.359986 0.000010
0.000010 0.000011 0.000013 0.000010 0.000010 0.999925 0.000010 0.000010
0.000010 0.000010 0.000010 0.000010 0.000010 0.999930 0.000010 0.000010
0.000010 0.000011 0.000010 0.000010 0.000010 0.999929 0.000010 0.000010
0.000010 0.000010 0.999930 0.000010 0.000010 0.000010 0.000010 0.000010
0.000010 0.000010 0.999930 0.000010 0.000010 0.000010 0.000010 0.000010
0.000010 0.000010 0.999930 0.000010 0.000010 0.000010 0.000010 0.000010
0.000010 0.000010 0.999930 0.000010 0.000010 0.000010 0.000010 0.000010
0.000010 0.000010 0.999930 0.000010 0.000010 0.000010 0.000010 0.000010
0.000011 0.000011 0.000012 0.000011 0.000010 0.000011 0.000010 0.999924
0.000010 0.000010 0.000013 0.000011 0.000010 0.000010 0.000010 0.999926
0.000010 0.000010 0.000011 0.000010 0.000010 0.000010 0.000010 0.999929
0.000010 0.000010 0.000012 0.000011 0.000010 0.000010 0.000010 0.999926
0.000010 0.000010 0.000010 0.000010 0.000010 0.000010 0.999930 0.000010
0.000010 0.000010 0.000010 0.000010 0.448222 0.000010 0.551718 0.000010
0.000010 0.000010 0.000010 0.000010 0.707897 0.000010 0.292042 0.000010
0.999925 0.000011 0.000010 0.000010 0.000011 0.000012 0.000011 0.000010
0.000010 0.000010 0.000010 0.000010 0.672686 0.000010 0.327254 0.000010
0.000010 0.000010 0.000010 0.000010 0.000011 0.000010 0.999929 0.000010
0.077147 0.000010 0.000010 0.000010 0.287694 0.000010 0.635109 0.000010
0.019414 0.000010 0.000010 0.000010 0.608298 0.000010 0.372239 0.000010
0.218637 0.000010 0.000010 0.000010 0.000010 0.000010 0.781303 0.000010
0.000010 0.000010 0.000010 0.000010 0.492818 0.000010 0.507122 0.000010
0.000010 0.000010 0.000018 0.000010 0.000016 0.000010 0.999916 0.000010
0.000010 0.000010 0.000010 0.000010 0.999930 0.000010 0.000010 0.000010
0.016447 0.000010 0.000010 0.000010 0.754616 0.000010 0.228888 0.000010
0.003623 0.000010 0.000010 0.000010 0.996317 0.000010 0.000010 0.000010
0.000010 0.000010 0.000010 0.000010 0.999930 0.000010 0.000010 0.000010
0.000010 0.000010 0.000010 0.000010 0.999930 0.000010 0.000010 0.000010
0.010102 0.000010 0.000010 0.000010 0.708384 0.000010 0.281464 0.000010
0.000010 0.000010 0.000010 0.999930 0.000010 0.000010 0.000010 0.000010
0.000010 0.000010 0.000010 0.999930 0.000010 0.000010 0.000010 0.000010
0.000010 0.999930 0.000010 0.000010 0.000010 0.000010 0.000010 0.000010
0.000010 0.999930 0.000010 0.000010 0.000010 0.000010 0.000010 0.000010
0.000011 0.000010 0.000010 0.999929 0.000010 0.000010 0.000010 0.000010
0.000010 0.000010 0.000010 0.999930 0.000010 0.000010 0.000010 0.000010
0.000010 0.406666 0.593274 0.000010 0.000010 0.000010 0.000010 0.000010
0.000010 0.000010 0.377971 0.000010 0.000010 0.000010 0.000010 0.621969
0.000010 0.000010 0.398975 0.000010 0.000010 0.000010 0.000010 0.600965
0.000010 0.000010 0.434404 0.000010 0.000010 0.000010 0.000010 0.565536
0.056478 0.000010 0.000010 0.173980 0.000010 0.000010 0.769492 0.000010
