0.000010 0.000010 0.164527 0.000010 0.000010 0.000010 0.000010 0.000010 0.835403
0.000011 0.000010 0.999919 0.000010 0.000010 0.000010 0.000010 0.000010 0.000010
0.000010 0.000010 0.000010 0.000010 0.000010 0.000010 0.000010 0.000010 0.999920
0.000017 0.999913 0.000010 0.000010 0.000010 0.000010 0.000010 0.000010 0.000010
0.000010 0.999918 0.000010 0.000010 0.000010 0.000012 0.000010 0.000010 0.000010
0.000013 0.999917 0.000010 0.000010 0.000010 0.000010 0.000010 0.000010 0.000010
0.000010 0.000010 0.000010 0.910512 0.089418 0.000010 0.000010 0.000010 0.000010
0.000010 0.000010 0.000010 0.999920 0.000010 0.000010 0.000010 0.000010 0.000010
0.000010 0.000010 0.000010 0.999920 0.000010 0.000010 0.000010 0.000010 0.000010
0.000010 0.000018 0.000010 0.999912 0.000010 0.000010 0.000010 0.000010 0.000010
0.000010 0.000010 0.000010 0.999920 0.000010 0.000010 0.000010 0.000010 0.000010
0.999920 0.000010 0.000010 0.000010 0.000010 0.000010 0.000010 0.000010 0.000010
0.999920 0.000010 0.000010 0.000010 0.000010 0.000010 0.000010 0.000010 0.000010
0.999916 0.000010 0.000010 0.000010 0.000010 0.000010 0.000014 0.000010 0.000010
0.999910 0.000010 0.000010 0.000014 0.000016 0.000010 0.000011 0.000010 0.000010
0.000010 0.000010 0.000010 0.000010 0.000010 0.000010 0.000010 0.999920 0.000010
0.000010 0.000010 0.000010 0.000010 0.000010 0.000010 0.000010 0.260441 0.739489
0.000010 0.000010 0.000010 0.000010 0.000010 0.000010 0.000010 0.000010 0.999920
0.000010 0.000010 0.000010 0.000010 0.000010 0.999920 0.000010 0.000010 0.000010
0.000010 0.000010 0.000010 0.000010 0.000010 0.000010 0.000010 0.000010 0.999920
0.000010 0.000010 0.000010 0.000010 0.000010 0.000010 0.000010 0.999920 0.000010
0.000010 0.000010 0.000010 0.000010 0.000010 0.069446 0.000010 0.545496 0.384998
0.000010 0.000010 0.000010 0.000010 0.000010 0.024505 0.000010 0.000010 0.975425
0.000010 0.000010 0.000010 0.000010 0.000010 0.153165 0.000010 0.846765 0.000010
0.000010 0.000010 0.000010 0.000010 0.000010 0.000010 0.000010 0.248125 0.751805
0.000013 0.000010 0.000010 0.000010 0.000010 0.000010 0.000012 0.999915 0.000010
0.000010 0.000010 0.181622 0.000010 0.000010 0.000010 0.000010 0.000010 0.818308
0.000010 0.000010 0.130361 0.000010 0.000010 0.017177 0.000010 0.000010 0.852402
0.000010 0.000010 0.173841 0.000012 0.000010 0.000010 0.000010 0.000010 0.826088
0.000010 0.000010 0.386739 0.000010 0.000010 0.000010 0.000010 0.000010 0.613191
0.000010 0.000014 0.999916 0.000010 0.000010 0.000010 0.000010 0.000010 0.000010
0.000010 0.000010 0.000010 0.000010 0.000010 0.000010 0.000010 0.000010 0.999920
0.000010 0.000010 0.000010 0.000010 0.000010 0.000010 0.999920 0.000010 0.000010
0.000010 0.000010 0.000010 0.000010 0.000010 0.000010 0.999920 0.000010 0.000010
0.000010 0.000010 0.000010 0.999920 0.000010 0.000010 0.000010 0.000010 0.000010
0.000010 0.000010 0.000010 0.999920 0.000010 0.000010 0.000010 0.000010 0.000010
0.000010 0.000010 0.000010 0.000010 0.000010 0.000010 0.999920 0.000010 0.000010
0.000010 0.000010 0.000010 0.000010 0.999920 0.000010 0.000010 0.000010 0.000010
0.000010 0.000010 0.000010 0.999913 0.000010 0.000017 0.000010 0.000010 0.000010
0.640482 0.000010 0.000010 0.359448 0.000010 0.000010 0.000010 0.000010 0.000010
0.616043 0.000010 0.000010 0.383887 0.000010 0.000010 0.000010 0.000010 0.000010
0.581547 0.000010 0.000010 0.418383 0.000010 0.000010 0.000010 0.000010 0.000010
0.000010 0.000010 0.000010 0.000010 0.000010 0.000010 0.000010 0.999920 0.000010
