0.000010 0.000010 0.000010 0.000010 0.000010 0.999920 0.000010 0.000010 0.000010
0.000010 0.000010 0.000010 0.000010 0.000010 0.999920 0.000010 0.000010 0.000010
0.000010 0.000010 0.000010 0.000010 0.000010 0.293079 0.706851 0.000010 0.000010
0.000010 0.000010 0.000010 0.000010 0.000010 0.000010 0.000010 0.999920 0.000010
0.000015 0.000010 0.000012 0.000010 0.000019 0.000012 0.000010 0.999902 0.000010
0.000010 0.000010 0.000010 0.000010 0.000010 0.000010 0.000010 0.999920 0.000010
0.000010 0.999911 0.000010 0.000010 0.000017 0.000010 0.000010 0.000011 0.000010
0.000010 0.173349 0.000010 0.264373 0.542661 0.000010 0.000010 0.019567 0.000010
0.000010 0.000010 0.000010 0.000010 0.999920 0.000010 0.000010 0.000010 0.000010
0.000010 0.000010 0.000010 0.000010 0.999920 0.000010 0.000010 0.000010 0.000010
0.000010 0.000010 0.000011 0.000010 0.999919 0.000010 0.000010 0.000010 0.000010
0.000010 0.000010 0.000010 0.000010 0.000010 0.000010 0.000010 0.000010 0.999920
0.000010 0.000010 0.000014 0.000014 0.000010 0.000010 0.000010 0.000010 0.999912
0.000014 0.000016 0.000010 0.000010 0.000011 0.000010 0.000010 0.000010 0.999908
0.000010 0.000010 0.000010 0.000010 0.000010 0.000010 0.000010 0.000010 0.999920
0.000010 0.000011 0.000010 0.000010 0.000010 0.000010 0.999919 0.000010 0.000010
0.000010 0.000010 0.999920 0.000010 0.000010 0.000010 0.000010 0.000010 0.000010
0.000010 0.000010 0.000010 0.000010 0.000010 0.348456 0.651474 0.000010 0.000010
0.999917 0.000010 0.000010 0.000010 0.000010 0.000012 0.000010 0.000011 0.000010
0.000010 0.000010 0.000010 0.000010 0.000010 0.365394 0.634536 0.000010 0.000010
0.454312 0.000010 0.000010 0.000010 0.000010 0.000010 0.545618 0.000010 0.000010
0.000010 0.000010 0.999920 0.000010 0.000010 0.000010 0.000010 0.000010 0.000010
0.000010 0.000010 0.000010 0.000010 0.000010 0.000010 0.999920 0.000010 0.000010
0.999919 0.000011 0.000010 0.000010 0.000010 0.000010 0.000010 0.000010 0.000010
0.000010 0.000010 0.000010 0.000010 0.000010 0.000010 0.999920 0.000010 0.000010
0.374997 0.000011 0.000010 0.000010 0.000010 0.000010 0.624932 0.000010 0.000010
0.000010 0.000013 0.000013 0.000010 0.000010 0.999913 0.000010 0.000010 0.000010
0.000010 0.000010 0.000010 0.000010 0.000010 0.489861 0.510068 0.000010 0.000010
0.000010 0.000020 0.000010 0.000010 0.000010 0.566158 0.433762 0.000010 0.000010
0.000010 0.000010 0.000010 0.000010 0.000010 0.999920 0.000010 0.000010 0.000010
0.000010 0.000010 0.000010 0.000010 0.000010 0.999920 0.000010 0.000010 0.000010
0.000010 0.000016 0.000010 0.000010 0.000010 0.000010 0.999911 0.000011 0.000010
0.000010 0.511862 0.488067 0.000010 0.000010 0.000011 0.000010 0.000010 0.000010
0.000010 0.675190 0.324740 0.000010 0.000010 0.000010 0.000010 0.000010 0.000010
0.000010 0.000010 0.000010 0.999920 0.000010 0.000010 0.000010 0.000010 0.000010
0.000010 0.000010 0.000010 0.999920 0.000010 0.000010 0.000010 0.000010 0.000010
0.000010 0.622689 0.377241 0.000010 0.000010 0.000010 0.000010 0.000010 0.000010
0.000010 0.751974 0.247956 0.000010 0.000010 0.000010 0.000010 0.000010 0.000010
0.000010 0.000010 0.000010 0.999920 0.000010 0.000010 0.000010 0.000010 0.000010
0.000010 0.322149 0.000011 0.000010 0.000010 0.000010 0.000010 0.000010 0.677780
0.000010 0.335884 0.000010 0.000010 0.000010 0.000010 0.000010 0.000010 0.664046
0.000010 0.359599 0.000010 0.000010 0.000010 0.000010 0.000010 0.000010 0.640331
0.999920 0.000010 0.000010 0.000010 0.000010 0.000010 0.000010 0.000010 0.000010
