0.000010 0.000010 0.000010 0.000010 0.000013 0.000010 0.000010 0.999927
0.000010 0.000010 0.000010 0.000010 0.000010 0.000010 0.000010 0.999930
0.212499 0.000010 0.000010 0.000010 0.000010 0.000010 0.000010 0.787441
0.000010 0.000012 0.999925 0.000010 0.000010 0.000010 0.000013 0.000010
0.000010 0.000010 0.999911 0.000018 0.000017 0.000014 0.000010 0.000010
0.000010 0.000010 0.999930 0.000010 0.000010 0.000010 0.000010 0.000010
0.000010 0.674492 0.000011 0.000010 0.000010 0.325448 0.000010 0.000010
0.000010 0.752365 0.000010 0.000010 0.000010 0.247575 0.000010 0.000010
0.000010 0.999930 0.000010 0.000010 0.000010 0.000010 0.000010 0.000010
0.000010 0.999930 0.000010 0.000010 0.000010 0.000010 0.000010 0.000010
0.000010 0.999930 0.000010 0.000010 0.000010 0.000010 0.000010 0.000010
0.000010 0.000010 0.000010 0.000010 0.999930 0.000010 0.000010 0.000010
0.000015 0.000010 0.000010 0.000010 0.999925 0.000010 0.000010 0.000010
0.000010 0.000010 0.000010 0.000010 0.999930 0.000010 0.000010 0.000010
0.000010 0.000010 0.000010 0.000010 0.999930 0.000010 0.000010 0.000010
0.548778 0.000010 0.000010 0.000010 0.000010 0.000010 0.000010 0.451162
0.361499 0.000010 0.000010 0.000010 0.000010 0.000010 0.000010 0.638441
0.175845 0.000010 0.000010 0.000010 0.000010 0.000010 0.000010 0.824095
0.999930 0.000010 0.000010 0.000010 0.000010 0.000010 0.000010 0.000010
0.204599 0.000010 0.000010 0.000010 0.000010 0.000010 0.000010 0.795341
0.999930 0.000010 0.000010 0.000010 0.000010 0.000010 0.000010 0.000010
0.609737 0.000010 0.000010 0.000010 0.000010 0.000010 0.000010 0.390203
0.292293 0.000010 0.000010 0.000010 0.000010 0.000010 0.000010 0.707647
0.999928 0.000010 0.000010 0.000012 0.000010 0.000010 0.000010 0.000010
0.319601 0.000010 0.000010 0.000010 0.000010 0.000010 0.000010 0.680339
0.999930 0.000010 0.000010 0.000010 0.000010 0.000010 0.000010 0.000010
0.000010 0.000010 0.000010 0.000010 0.000010 0.000010 0.000010 0.999930
0.179023 0.000010 0.000010 0.000010 0.000010 0.000010 0.000010 0.820917
0.000010 0.000010 0.000010 0.000010 0.000010 0.000010 0.000010 0.999930
0.000010 0.000010 0.000015 0.000010 0.000010 0.000010 0.000010 0.999925
0.000010 0.000010 0.000010 0.000012 0.000010 0.000010 0.000010 0.999928
0.204820 0.000010 0.000010 0.000010 0.000010 0.000010 0.000010 0.795120
0.000010 0.000010 0.000010 0.000010 0.000010 0.000010 0.999930 0.000010
0.000010 0.000010 0.000010 0.000010 0.000010 0.000010 0.999930 0.000010
0.000010 0.000010 0.000012 0.000010 0.000010 0.999928 0.000010 0.000010
0.000010 0.000010 0.000010 0.000010 0.000010 0.999930 0.000010 0.000010
0.000010 0.000010 0.000010 0.000010 0.000010 0.000010 0.999930 0.000010
0.000010 0.000010 0.000010 0.000010 0.000010 0.000010 0.999930 0.000010
0.000010 0.000010 0.000010 0.000010 0.000010 0.999930 0.000010 0.000010
0.000013 0.000010 0.000010 0.999927 0.000010 0.000010 0.000010 0.000010
0.000010 0.000010 0.000010 0.999930 0.000010 0.000010 0.000010 0.000010
0.000010 0.000010 0.000010 0.999929 0.000010 0.000010 0.000010 0.000010
0.786859 0.000010 0.000014 0.000010 0.000010 0.000010 0.213077 0.000010
