0.000010 0.000010 0.000010 0.000010 0.000010 0.000010 0.999920 0.000010 0.000010
0.000010 0.000010 0.000010 0.000010 0.000010 0.000010 0.999920 0.000010 0.000010
0.000010 0.000010 0.000010 0.000010 0.000010 0.000010 0.000010 0.000010 0.999920
0.000010 0.999920 0.000010 0.000010 0.000010 0.000010 0.000010 0.000010 0.000010
0.000010 0.999920 0.000010 0.000010 0.000010 0.000010 0.000010 0.000010 0.000010
0.000010 0.999920 0.000010 0.000010 0.000010 0.000010 0.000010 0.000010 0.000010
0.000010 0.000010 0.000010 0.000010 0.000010 0.999920 0.000010 0.000010 0.000010
0.000010 0.000018 0.000010 0.831536 0.000010 0.168386 0.000010 0.000010 0.000010
0.000010 0.000010 0.000010 0.999920 0.000010 0.000010 0.000010 0.000010 0.000010
0.000010 0.000010 0.000010 0.999920 0.000010 0.000010 0.000010 0.000010 0.000010
0.000010 0.000010 0.000010 0.999920 0.000010 0.000010 0.000010 0.000010 0.000010
0.999918 0.000010 0.000010 0.000010 0.000010 0.000010 0.000012 0.000010 0.000010
0.999917 0.000010 0.000010 0.000010 0.000010 0.000010 0.000013 0.000010 0.000010
0.999911 0.000019 0.000010 0.000010 0.000010 0.000010 0.000010 0.000010 0.000010
0.999919 0.000010 0.000010 0.000011 0.000010 0.000010 0.000010 0.000010 0.000010
0.000010 0.000010 0.000010 0.000010 0.000010 0.000010 0.000010 0.000010 0.999920
0.000012 0.000010 0.058740 0.000014 0.000010 0.000010 0.465430 0.090178 0.385596
0.000010 0.000010 0.000016 0.000013 0.000017 0.000010 0.680752 0.074178 0.244994
0.000010 0.000018 0.999910 0.000010 0.000012 0.000010 0.000010 0.000010 0.000010
0.000010 0.000014 0.000011 0.000010 0.000010 0.000010 0.000017 0.999908 0.000010
0.000010 0.000010 0.000010 0.000010 0.000010 0.000010 0.673275 0.072787 0.253878
0.000010 0.000010 0.000010 0.000010 0.000010 0.000010 0.000010 0.999920 0.000010
0.000010 0.000010 0.299867 0.000010 0.000010 0.000010 0.307663 0.153004 0.239415
0.000010 0.000010 0.066851 0.000010 0.000014 0.000010 0.543423 0.013247 0.376426
0.000010 0.000010 0.000010 0.000010 0.000010 0.000014 0.000010 0.999916 0.000010
0.000010 0.000010 0.039817 0.000010 0.000010 0.000010 0.572067 0.135599 0.252467
0.000011 0.000010 0.000010 0.000010 0.000010 0.000010 0.000010 0.352654 0.647275
0.000010 0.000010 0.000010 0.000010 0.000010 0.000010 0.846930 0.000010 0.153000
0.000010 0.000010 0.026851 0.000010 0.000010 0.000010 0.731120 0.000010 0.241969
0.000010 0.000010 0.000010 0.000010 0.000010 0.000010 0.808929 0.000010 0.191001
0.000010 0.000010 0.000010 0.000010 0.000010 0.000010 0.999920 0.000010 0.000010
0.000010 0.000010 0.000010 0.000010 0.000010 0.000010 0.999920 0.000010 0.000010
0.000010 0.000010 0.000010 0.000010 0.000010 0.000010 0.000010 0.000010 0.999920
0.000010 0.000010 0.058833 0.000010 0.000010 0.000010 0.683633 0.003022 0.254462
0.000010 0.000010 0.000010 0.000010 0.999913 0.000010 0.000010 0.000017 0.000010
0.000014 0.000010 0.000010 0.000010 0.999916 0.000010 0.000010 0.000010 0.000010
0.000010 0.000010 0.000010 0.999920 0.000010 0.000010 0.000010 0.000010 0.000010
0.000010 0.000010 0.000010 0.999907 0.000010 0.000016 0.000010 0.000016 0.000010
0.000010 0.000010 0.000010 0.000010 0.999920 0.000010 0.000010 0.000010 0.000010
0.000010 0.000010 0.000010 0.000010 0.999920 0.000010 0.000010 0.000010 0.000010
0.000010 0.000010 0.000010 0.000010 0.000010 0.999920 0.000010 0.000010 0.000010
0.622698 0.000010 0.000010 0.377232 0.000010 0.000010 0.000010 0.000010 0.000010
0.600525 0.000010 0.000010 0.399405 0.000010 0.000010 0.000010 0.000010 0.000010
0.569896 0.000010 0.000010 0.430034 0.000010 0.000010 0.000010 0.000010 0.000010
0.000010 0.000010 0.999920 0.000010 0.000010 0.000010 0.000010 0.000010 0.000010
