0.098493 0.000010 0.901477 0.000010 0.000010
0.000010 0.000010 0.999960 0.000010 0.000010
0.000012 0.000010 0.000010 0.000010 0.999958
0.000010 0.000010 0.999959 0.000011 0.000010
0.000010 0.000010 0.000010 0.999960 0.000010
0.000010 0.000010 0.000010 0.999960 0.000010
0.000010 0.000010 0.000010 0.000010 0.999960
0.000010 0.000010 0.999959 0.000011 0.000010
0.000010 0.000010 0.999960 0.000010 0.000010
0.000010 0.000010 0.000010 0.000010 0.999960
0.000010 0.000012 0.000010 0.999958 0.000010
0.031159 0.968811 0.000010 0.000010 0.000010
0.000015 0.000010 0.000010 0.000010 0.999955
0.000010 0.000010 0.000010 0.999960 0.000010
0.000010 0.000010 0.000010 0.999960 0.000010
0.000010 0.999960 0.000010 0.000010 0.000010
0.000010 0.999960 0.000010 0.000010 0.000010
0.000010 0.000010 0.000010 0.000010 0.999960
0.000010 0.000010 0.465589 0.228459 0.305932
0.000010 0.000010 0.000010 0.000010 0.999960
0.000015 0.000014 0.000010 0.000010 0.999951
0.000010 0.999959 0.000011 0.000010 0.000010
0.000010 0.000011 0.652009 0.347961 0.000010
0.000010 0.595786 0.000010 0.404184 0.000010
0.000010 0.000010 0.000010 0.999960 0.000010
0.000010 0.999960 0.000010 0.000010 0.000010
0.999960 0.000010 0.000010 0.000010 0.000010
0.633794 0.000010 0.000010 0.366176 0.000010
0.999960 0.000010 0.000010 0.000010 0.000010
0.999960 0.000010 0.000010 0.000010 0.000010
0.999960 0.000010 0.000010 0.000010 0.000010
0.999960 0.000010 0.000010 0.000010 0.000010
0.999956 0.000010 0.000014 0.000010 0.000010
0.000010 0.000010 0.999960 0.000010 0.000010
0.999960 0.000010 0.000010 0.000010 0.000010
0.999960 0.000010 0.000010 0.000010 0.000010
0.999960 0.000010 0.000010 0.000010 0.000010
0.000010 0.999960 0.000010 0.000010 0.000010
0.000010 0.000010 0.000010 0.000010 0.999960
0.000010 0.000010 0.999960 0.000010 0.000010
0.638039 0.361931 0.000010 0.000010 0.000010
0.999960 0.000010 0.000010 0.000010 0.000010
0.999957 0.000013 0.000010 0.000010 0.000010
0.999960 0.000010 0.000010 0.000010 0.000010
0.999960 0.000010 0.000010 0.000010 0.000010
0.999960 0.000010 0.000010 0.000010 0.000010
0.999960 0.000010 0.000010 0.000010 0.000010
0.000010 0.000010 0.000010 0.000010 0.999960
0.999960 0.000010 0.000010 0.000010 0.000010
