0.000010 0.000010 0.000010 0.000010 0.999930 0.000010 0.000010 0.000010
0.000010 0.999925 0.000010 0.000010 0.000015 0.000010 0.000010 0.000010
0.000010 0.000010 0.999930 0.000010 0.000010 0.000010 0.000010 0.000010
0.999929 0.000011 0.000010 0.000010 0.000010 0.000010 0.000010 0.000010
0.000010 0.000010 0.999930 0.000010 0.000010 0.000010 0.000010 0.000010
0.000010 0.000010 0.999930 0.000010 0.000010 0.000010 0.000010 0.000010
0.999930 0.000010 0.000010 0.000010 0.000010 0.000010 0.000010 0.000010
0.000010 0.000010 0.000010 0.000010 0.999930 0.000010 0.000010 0.000010
0.000010 0.000010 0.000010 0.000010 0.999930 0.000010 0.000010 0.000010
0.999929 0.000010 0.000010 0.000010 0.000010 0.000010 0.000011 0.000010
0.000010 0.000010 0.000010 0.000010 0.999930 0.000010 0.000010 0.000010
0.999930 0.000010 0.000010 0.000010 0.000010 0.000010 0.000010 0.000010
0.000010 0.000010 0.000010 0.227495 0.769638 0.000010 0.002817 0.000010
0.000014 0.999920 0.000010 0.000010 0.000016 0.000010 0.000010 0.000010
0.000010 0.000010 0.999928 0.000010 0.000010 0.000010 0.000012 0.000010
0.000010 0.999929 0.000010 0.000010 0.000010 0.000010 0.000011 0.000010
0.999930 0.000010 0.000010 0.000010 0.000010 0.000010 0.000010 0.000010
0.000010 0.000011 0.999911 0.000018 0.000010 0.000019 0.000010 0.000010
0.000010 0.000010 0.000010 0.000010 0.999930 0.000010 0.000010 0.000010
0.999930 0.000010 0.000010 0.000010 0.000010 0.000010 0.000010 0.000010
0.000010 0.999930 0.000010 0.000010 0.000010 0.000010 0.000010 0.000010
0.000010 0.000010 0.000010 0.000010 0.000010 0.000010 0.000010 0.999930
0.000010 0.000010 0.000010 0.000010 0.999930 0.000010 0.000010 0.000010
0.999930 0.000010 0.000010 0.000010 0.000010 0.000010 0.000010 0.000010
0.000013 0.999918 0.000012 0.000012 0.000011 0.000010 0.000014 0.000010
0.000010 0.000010 0.999930 0.000010 0.000010 0.000010 0.000010 0.000010
0.000010 0.000010 0.000010 0.000010 0.000012 0.000010 0.999928 0.000010
0.000010 0.000010 0.000010 0.000010 0.000010 0.000010 0.999930 0.000010
0.000011 0.000010 0.000010 0.000011 0.000010 0.999927 0.000010 0.000010
0.000010 0.000013 0.000010 0.000013 0.000010 0.999924 0.000010 0.000010
0.000010 0.000010 0.000015 0.000011 0.000010 0.999924 0.000010 0.000010
0.000010 0.000010 0.000010 0.000010 0.000010 0.000010 0.999930 0.000010
0.000010 0.000010 0.000010 0.000010 0.000010 0.000010 0.999930 0.000010
0.000010 0.000010 0.000010 0.999926 0.000013 0.000010 0.000011 0.000010
0.000010 0.000010 0.000012 0.000010 0.000010 0.999927 0.000011 0.000010
0.000010 0.000010 0.000010 0.000010 0.000010 0.999930 0.000010 0.000010
0.000010 0.000010 0.000010 0.000010 0.000013 0.000010 0.999927 0.000010
0.000013 0.000010 0.000010 0.000015 0.000010 0.000010 0.000010 0.999921
0.000010 0.999930 0.000010 0.000010 0.000010 0.000010 0.000010 0.000010
0.000010 0.000010 0.999925 0.000010 0.000010 0.000010 0.000015 0.000010
0.000010 0.000010 0.000010 0.000010 0.000010 0.000010 0.999930 0.000010
0.000010 0.000010 0.000010 0.000010 0.000010 0.573408 0.426532 0.000010
0.000010 0.000010 0.000010 0.000010 0.000010 0.000010 0.999930 0.000010
0.000010 0.000010 0.000010 0.000010 0.000010 0.459781 0.540159 0.000010
0.000010 0.000010 0.000010 0.000010 0.000010 0.000020 0.999920 0.000010
0.000010 0.000012 0.000010 0.000012 0.000010 0.000010 0.999926 0.000010
0.000010 0.000010 0.000010 0.000010 0.000010 0.000010 0.999930 0.000010
0.000010 0.000010 0.000010 0.000010 0.540109 0.000010 0.000010 0.459831
0.000010 0.000010 0.000010 0.000010 0.000010 0.999930 0.000010 0.000010
