0.000010 0.610465 0.000010 0.389495 0.000010 0.000010
0.000011 0.000010 0.000010 0.999948 0.000012 0.000010
0.000012 0.000010 0.000011 0.000010 0.999947 0.000010
0.000010 0.000010 0.000011 0.999947 0.000012 0.000010
0.000010 0.000010 0.000011 0.663297 0.336662 0.000010
0.000016 0.000010 0.000010 0.000011 0.999943 0.000010
0.000012 0.000011 0.000010 0.000017 0.999940 0.000010
0.000010 0.000011 0.000010 0.999949 0.000010 0.000010
0.000010 0.000010 0.000010 0.000010 0.000010 0.999950
0.000010 0.000010 0.000010 0.000010 0.000010 0.999950
0.000010 0.000010 0.000010 0.999950 0.000010 0.000010
0.000010 0.000010 0.000010 0.000010 0.000010 0.999949
0.199001 0.077708 0.000010 0.000010 0.000010 0.723261
0.000010 0.000010 0.000011 0.999949 0.000010 0.000010
0.000010 0.000010 0.000010 0.000010 0.000010 0.999950
0.000010 0.000010 0.000010 0.000010 0.000010 0.999950
0.000010 0.000011 0.000011 0.999948 0.000010 0.000010
0.000010 0.000010 0.000010 0.000010 0.999950 0.000010
0.000010 0.000010 0.000010 0.000010 0.999950 0.000010
0.000010 0.000012 0.000011 0.999947 0.000010 0.000010
0.000017 0.000010 0.000012 0.000010 0.999941 0.000010
0.558961 0.000010 0.052332 0.000010 0.000010 0.388677
0.000010 0.000010 0.000019 0.999941 0.000010 0.000010
0.000010 0.000010 0.000010 0.999950 0.000010 0.000010
0.000010 0.000010 0.000010 0.000010 0.000010 0.999950
0.000010 0.000010 0.000010 0.000010 0.000010 0.999950
0.000010 0.999950 0.000010 0.000010 0.000010 0.000010
0.000010 0.999950 0.000010 0.000010 0.000010 0.000010
0.000010 0.000010 0.999950 0.000010 0.000010 0.000010
0.000010 0.000010 0.999949 0.000010 0.000011 0.000010
0.000010 0.000010 0.999950 0.000010 0.000010 0.000010
0.000010 0.542097 0.457863 0.000010 0.000010 0.000010
0.000010 0.999949 0.000011 0.000010 0.000010 0.000010
0.999950 0.000010 0.000010 0.000010 0.000010 0.000010
0.000010 0.000010 0.999949 0.000010 0.000011 0.000010
0.000010 0.000010 0.999950 0.000010 0.000010 0.000010
0.000010 0.999944 0.000010 0.000016 0.000010 0.000010
0.000010 0.000010 0.000010 0.000010 0.000010 0.999950
0.000010 0.000016 0.000010 0.000010 0.999944 0.000010
0.000010 0.000011 0.000010 0.999949 0.000010 0.000010
0.000010 0.378613 0.621347 0.000010 0.000010 0.000010
0.000010 0.999950 0.000010 0.000010 0.000010 0.000010
0.000010 0.999950 0.000010 0.000010 0.000010 0.000010
0.000010 0.999950 0.000010 0.000010 0.000010 0.000010
0.000010 0.999950 0.000010 0.000010 0.000010 0.000010
0.000010 0.999950 0.000010 0.000010 0.000010 0.000010
0.000010 0.999950 0.000010 0.000010 0.000010 0.000010
0.122338 0.036272 0.000010 0.421947 0.000010 0.419423
0.000010 0.000010 0.999948 0.000010 0.000012 0.000010
