0.999960 0.000010 0.000010 0.000010 0.000010
0.000010 0.999960 0.000010 0.000010 0.000010
0.000010 0.999960 0.000010 0.000010 0.000010
0.000010 0.999958 0.000012 0.000010 0.000010
0.000010 0.999960 0.000010 0.000010 0.000010
0.000010 0.999957 0.000010 0.000013 0.000010
0.000012 0.999958 0.000010 0.000010 0.000010
0.000010 0.999960 0.000010 0.000010 0.000010
0.999960 0.000010 0.000010 0.000010 0.000010
0.999954 0.000010 0.000010 0.000016 0.000010
0.999960 0.000010 0.000010 0.000010 0.000010
0.000012 0.000012 0.999956 0.000010 0.000010
0.000011 0.999959 0.000010 0.000010 0.000010
0.999960 0.000010 0.000010 0.000010 0.000010
0.000012 0.000014 0.999952 0.000012 0.000010
0.816182 0.000010 0.000010 0.000010 0.183788
0.999960 0.000010 0.000010 0.000010 0.000010
0.000010 0.999960 0.000010 0.000010 0.000010
0.000010 0.000010 0.999960 0.000010 0.000010
0.000010 0.000010 0.999960 0.000010 0.000010
0.000012 0.999958 0.000010 0.000010 0.000010
0.000010 0.000010 0.455116 0.000010 0.544854
0.999960 0.000010 0.000010 0.000010 0.000010
0.000010 0.999960 0.000010 0.000010 0.000010
0.000010 0.999960 0.000010 0.000010 0.000010
0.999960 0.000010 0.000010 0.000010 0.000010
0.000010 0.000010 0.383299 0.616671 0.000010
0.000010 0.000010 0.425902 0.574068 0.000010
0.000010 0.000010 0.000010 0.999960 0.000010
0.000010 0.000010 0.000010 0.999960 0.000010
0.000010 0.000010 0.000018 0.999952 0.000010
0.000010 0.000010 0.000010 0.999960 0.000010
0.000010 0.000010 0.000010 0.999960 0.000010
0.000012 0.000016 0.000010 0.000010 0.999952
0.000010 0.000010 0.000010 0.999960 0.000010
0.000010 0.000010 0.000010 0.999960 0.000010
0.000017 0.000010 0.000010 0.999953 0.000010
0.000013 0.000010 0.999957 0.000010 0.000010
0.000012 0.999952 0.000014 0.000012 0.000010
0.999960 0.000010 0.000010 0.000010 0.000010
0.000010 0.000010 0.487950 0.512020 0.000010
0.000010 0.000010 0.420038 0.579932 0.000010
0.000010 0.000010 0.000010 0.999960 0.000010
0.000010 0.000010 0.000010 0.999960 0.000010
0.000010 0.000010 0.000010 0.999960 0.000010
0.000010 0.000010 0.000010 0.999960 0.000010
0.000010 0.000010 0.000010 0.999960 0.000010
0.999960 0.000010 0.000010 0.000010 0.000010
0.000011 0.000010 0.000010 0.999959 0.000010
