0.999950 0.000010 0.000010 0.000010 0.000010 0.000010
0.000015 0.000010 0.000010 0.999945 0.000010 0.000010
0.000010 0.000016 0.000010 0.999944 0.000010 0.000010
0.000010 0.000011 0.999949 0.000010 0.000010 0.000010
0.000012 0.999947 0.000011 0.000010 0.000010 0.000010
0.000010 0.000010 0.000010 0.999950 0.000010 0.000010
0.000010 0.000010 0.000010 0.779516 0.000010 0.220444
0.000010 0.000010 0.000010 0.999950 0.000010 0.000010
0.000010 0.000010 0.000010 0.999950 0.000010 0.000010
0.000010 0.999950 0.000010 0.000010 0.000010 0.000010
0.000010 0.000019 0.000011 0.999941 0.000010 0.000010
0.000010 0.000010 0.999950 0.000010 0.000010 0.000010
0.999950 0.000010 0.000010 0.000010 0.000010 0.000010
0.000010 0.999950 0.000010 0.000010 0.000010 0.000010
0.000010 0.999950 0.000010 0.000010 0.000010 0.000010
0.000010 0.000010 0.999950 0.000010 0.000010 0.000010
0.999950 0.000010 0.000010 0.000010 0.000010 0.000010
0.000010 0.999950 0.000010 0.000010 0.000010 0.000010
0.999950 0.000010 0.000010 0.000010 0.000010 0.000010
0.000011 0.000010 0.000019 0.999932 0.000019 0.000010
0.000010 0.000010 0.999950 0.000010 0.000010 0.000010
0.850868 0.000010 0.000010 0.000010 0.000010 0.149092
0.000010 0.000014 0.999946 0.000010 0.000010 0.000010
0.000010 0.000011 0.000010 0.999949 0.000010 0.000010
0.000010 0.999950 0.000010 0.000010 0.000010 0.000010
0.000012 0.999948 0.000010 0.000010 0.000010 0.000010
0.000010 0.000010 0.000017 0.000010 0.999943 0.000010
0.000010 0.000010 0.000010 0.000020 0.999940 0.000010
0.000010 0.000010 0.000010 0.000010 0.999950 0.000010
0.000010 0.000010 0.000010 0.000010 0.999950 0.000010
0.000010 0.000010 0.000010 0.000010 0.999950 0.000010
0.000010 0.000010 0.000010 0.000010 0.999950 0.000010
0.000010 0.000010 0.000010 0.000017 0.999943 0.000010
0.000010 0.000010 0.000010 0.000010 0.000010 0.999950
0.000010 0.000010 0.000010 0.000010 0.999950 0.000010
0.000010 0.000010 0.000010 0.000010 0.999950 0.000010
0.000010 0.000010 0.000010 0.000010 0.999950 0.000010
0.000010 0.999950 0.000010 0.000010 0.000010 0.000010
0.000010 0.000010 0.999950 0.000010 0.000010 0.000010
0.999950 0.000010 0.000010 0.000010 0.000010 0.000010
0.000010 0.000010 0.000010 0.381794 0.618166 0.000010
0.000010 0.000010 0.357299 0.000010 0.642661 0.000010
0.000010 0.000010 0.000010 0.000010 0.999950 0.000010
0.000010 0.000019 0.000010 0.000010 0.999941 0.000010
0.000010 0.000010 0.000010 0.000010 0.999950 0.000010
0.000010 0.000010 0.000010 0.000010 0.999950 0.000010
0.000010 0.000010 0.365573 0.000010 0.634387 0.000010
0.000010 0.000010 0.999950 0.000010 0.000010 0.000010
0.000010 0.000010 0.000010 0.000010 0.999950 0.000010
