1	0.961331	0.908987	0.909029	0.84072	0.84103	0.800408	0.800174	0.844904	0.844658	0.81226	0.811913	0.848434	0.847984
0.961331	1	0.90896	0.909036	0.84061	0.840938	0.800297	0.800093	0.844793	0.844544	0.812202	0.811835	0.848327	0.847838
0.908987	0.90896	1	0.988964	0.841683	0.842022	0.801667	0.801373	0.845834	0.845597	0.813411	0.813014	0.849408	0.848918
0.909029	0.909036	0.988964	1	0.841649	0.841946	0.801479	0.801202	0.845739	0.845527	0.81328	0.812924	0.849292	0.848835
0.84072	0.84061	0.841683	0.841649	1	0.955034	0.798481	0.798367	0.839024	0.838752	0.811026	0.810665	0.836939	0.836515
0.84103	0.840938	0.842022	0.841946	0.955034	1	0.798877	0.79879	0.839353	0.839057	0.811433	0.811053	0.837272	0.836757
0.800408	0.800297	0.801667	0.801479	0.798481	0.798877	1	0.986024	0.799798	0.799474	0.803034	0.802625	0.800596	0.800128
0.800174	0.800093	0.801373	0.801202	0.798367	0.79879	0.986024	1	0.799624	0.799276	0.802872	0.802481	0.800373	0.799899
0.844904	0.844793	0.845834	0.845739	0.839024	0.839353	0.799798	0.799624	1	0.976521	0.812712	0.812328	0.866276	0.865374
0.844658	0.844544	0.845597	0.845527	0.838752	0.839057	0.799474	0.799276	0.976521	1	0.812478	0.812114	0.865597	0.865858
0.81226	0.812202	0.813411	0.81328	0.811026	0.811433	0.803034	0.802872	0.812712	0.812478	1	0.98941	0.81366	0.813161
0.811913	0.811835	0.813014	0.812924	0.810665	0.811053	0.802625	0.802481	0.812328	0.812114	0.98941	1	0.813264	0.812799
0.848434	0.848327	0.849408	0.849292	0.836939	0.837272	0.800596	0.800373	0.866276	0.865597	0.81366	0.813264	1	0.963849
0.847984	0.847838	0.848918	0.848835	0.836515	0.836757	0.800128	0.799899	0.865374	0.865858	0.813161	0.812799	0.963849	1
