0	1.02066e+07	2.40223e+07	2.40113e+07	4.20411e+07	4.19592e+07	5.26814e+07	5.27432e+07	4.09369e+07	4.10017e+07	4.95531e+07	4.96447e+07	4.00051e+07	4.0124e+07
1.02066e+07	0	2.40297e+07	2.40095e+07	4.20701e+07	4.19836e+07	5.27107e+07	5.27644e+07	4.09662e+07	4.10317e+07	4.95684e+07	4.96652e+07	4.00333e+07	4.01624e+07
2.40223e+07	2.40297e+07	0	2.91277e+06	4.1787e+07	4.16976e+07	5.23489e+07	5.24265e+07	4.06913e+07	4.07539e+07	4.92493e+07	4.9354e+07	3.9748e+07	3.98772e+07
2.40113e+07	2.40095e+07	2.91277e+06	0	4.1796e+07	4.17177e+07	5.23987e+07	5.24718e+07	4.07165e+07	4.07725e+07	4.92838e+07	4.93777e+07	3.97786e+07	3.98994e+07
4.20411e+07	4.20701e+07	4.1787e+07	4.1796e+07	0	1.18687e+07	5.319e+07	5.32201e+07	4.24889e+07	4.25605e+07	4.98789e+07	4.99739e+07	4.30391e+07	4.31509e+07
4.19592e+07	4.19836e+07	4.16976e+07	4.17177e+07	1.18687e+07	0	5.30853e+07	5.31084e+07	4.24021e+07	4.248e+07	4.97712e+07	4.98716e+07	4.29512e+07	4.30873e+07
5.26814e+07	5.27107e+07	5.23489e+07	5.23987e+07	5.319e+07	5.30853e+07	0	3.68893e+06	5.28422e+07	5.29277e+07	5.19882e+07	5.20963e+07	5.26318e+07	5.27553e+07
5.27432e+07	5.27644e+07	5.24265e+07	5.24718e+07	5.32201e+07	5.31084e+07	3.68893e+06	0	5.28882e+07	5.29801e+07	5.20311e+07	5.21341e+07	5.26905e+07	5.28156e+07
4.09369e+07	4.09662e+07	4.06913e+07	4.07165e+07	4.24889e+07	4.24021e+07	5.28422e+07	5.28882e+07	0	6.19726e+06	4.94338e+07	4.95352e+07	3.52958e+07	3.55337e+07
4.10017e+07	4.10317e+07	4.07539e+07	4.07725e+07	4.25605e+07	4.248e+07	5.29277e+07	5.29801e+07	6.19726e+06	0	4.94956e+07	4.95917e+07	3.5475e+07	3.5406e+07
4.95531e+07	4.95684e+07	4.92493e+07	4.92838e+07	4.98789e+07	4.97712e+07	5.19882e+07	5.20311e+07	4.94338e+07	4.94956e+07	0	2.79508e+06	4.91836e+07	4.93151e+07
4.96447e+07	4.96652e+07	4.9354e+07	4.93777e+07	4.99739e+07	4.98716e+07	5.20963e+07	5.21341e+07	4.95352e+07	4.95917e+07	2.79508e+06	0	4.92879e+07	4.94106e+07
4.00051e+07	4.00333e+07	3.9748e+07	3.97786e+07	4.30391e+07	4.29512e+07	5.26318e+07	5.26905e+07	3.52958e+07	3.5475e+07	4.91836e+07	4.92879e+07	0	9.54182e+06
4.0124e+07	4.01624e+07	3.98772e+07	3.98994e+07	4.31509e+07	4.30873e+07	5.27553e+07	5.28156e+07	3.55337e+07	3.5406e+07	4.93151e+07	4.94106e+07	9.54182e+06	0
