0	14839.4	14649.3	14798.5	14558.5	14270.7	15163.8	14805.2	14154.4	14520.5	14555.3	14475.7	14576.7	14079.2	14469.1	14317.4	14434.1	14012	14157.3	29241	28940.1	29077.9	29283.6	28913.6	29127.2	56877.7	56914.1	56791	56932.2	56928.5	56360.9	56705.3	46631.2	56835.1
14839.4	0	13789.4	13603.2	13902.7	13955.1	14604	14071.9	13832.9	14294.3	14392.6	14012	13624.5	13972.9	14375.1	14171.3	14012.4	13935.9	14117.2	28655.1	28599.2	28903.9	28877.6	28707.7	28521.6	56587.2	56537.6	56420.8	56616.3	56620.8	56133.3	56470.2	46126.1	56771.7
14649.3	13789.4	0	13897.4	14105.7	13467.6	14761.4	14191.5	13673.5	14203.6	14213.3	14115.5	14037	13774.2	13946.7	14186.4	14235.5	13924	14053	29125.3	28639.3	29110.2	29135	28811.2	28828.2	56746.3	56691.4	56675.2	56759.3	56763.7	56400.4	56564.7	46411.5	56720.2
14798.5	13603.2	13897.4	0	13770.4	14141.4	14965	14602.4	14199.1	14406.5	14341.6	14382.2	13724.5	14193.4	14283	14203.9	14694.5	14062	14318.5	28965.5	28731.5	29112.9	29098.3	28795.4	28793.3	57035.4	56723.3	56868.1	56923.5	56942	56554.2	56755.4	46300.1	56990.6
14558.5	13902.7	14105.7	13770.4	0	14067.1	14836.9	13892.7	13546.9	14219	14388.4	13729.7	13879.8	14133.1	13821.8	14391.5	14176.6	14000.8	13832.9	29131.2	28896.1	29280.5	29352.2	28772.1	28760	56952.8	56899.6	56813.1	56966.9	57065.8	56577.3	56867.2	46174.9	56997.6
14270.7	13955.1	13467.6	14141.4	14067.1	0	14276	14066.5	13123.2	13825.2	13794.8	13907.5	13934.3	13304.1	13447.8	13473.4	13244.9	13511.5	13490.4	29068.9	28602.4	28691.8	29109.5	28559.6	28680.7	56985.3	57087.7	57104.5	57079.9	57117.4	56716.5	57023.1	46696.4	57107.3
15163.8	14604	14761.4	14965	14836.9	14276	0	15173.9	14239.1	14957.5	14752.2	14681	14557	14818.7	14276.9	15090.7	14502.8	14657.5	14862.3	28490	28391.7	28762.6	28633.9	28592.7	28727.9	56407.4	56503.5	56432.6	56422.3	56611.5	56068	56535.9	46112.2	56655.1
14805.2	14071.9	14191.5	14602.4	13892.7	14066.5	15173.9	0	13975.6	13342.1	14022	13747.9	14204.6	13471.9	13790.8	13987.2	13799.4	13719.9	13970.5	28892	28720.7	29054.2	29146.6	28752.2	28690.9	57132.1	56943.9	57033.1	57118.2	57092.2	56599.3	57074.2	46683.1	57092.2
14154.4	13832.9	13673.5	14199.1	13546.9	13123.2	14239.1	13975.6	0	13990.3	13873.5	13620.9	13847.2	13419.4	13375.5	13771.7	13858	13546.7	13081.4	29203	28814.6	29028.8	29389.9	28651.4	28844.8	57200.8	56975.4	57014.4	57097.3	57139.8	56667.9	56896.8	46483.2	57281.3
14520.5	14294.3	14203.6	14406.5	14219	13825.2	14957.5	13342.1	13990.3	0	14294.7	13865.9	14027.5	13517.1	13692.7	13450.7	13358.3	13557.3	13691.8	28879.5	28424.6	28768.2	29060.9	28250.7	28612.8	57006.6	56874.6	56828.2	57046	56992.8	56480.3	56751.7	46647.8	56907.5
14555.3	14392.6	14213.3	14341.6	14388.4	13794.8	14752.2	14022	13873.5	14294.7	0	14076.7	14167	13929.1	14188.4	14396	14167.6	13833.7	14019.1	28763.1	28613	29030.9	28984.2	28615.5	28640.1	56642.2	56601.5	56570.2	56711.6	56689.8	56175.4	56538.1	46227.2	56710.8
14475.7	14012	14115.5	14382.2	13729.7	13907.5	14681	13747.9	13620.9	13865.9	14076.7	0	14251	13195	13268.4	13800	13448.8	13295.1	12970.5	29077.7	28636.1	28976.5	29046.8	28742.4	28658	56914.6	56885.6	56749.8	56766.6	56988.4	56486.1	56756.8	46452.8	57009.7
14576.7	13624.5	14037	13724.5	13879.8	13934.3	14557	14204.6	13847.2	14027.5	14167	14251	0	13762.3	13998	14320	14022.6	13819.6	13971.7	28920	28526.1	28815.5	29026.1	28492.4	28536.4	56964.8	57007	57060.1	57141.2	57148.5	56605.3	57056.9	46665.8	57221.7
14079.2	13972.9	13774.2	14193.4	14133.1	13304.1	14818.7	13471.9	13419.4	13517.1	13929.1	13195	13762.3	0	13425.1	13407.6	12997.4	12624.7	13241.2	29047.5	28872.7	29121.1	29212.2	28688.3	28885.5	57385.1	57390.4	57351	57417.6	57449.9	56987.3	57425.9	47052.9	57476.2
14469.1	14375.1	13946.7	14283	13821.8	13447.8	14276.9	13790.8	13375.5	13692.7	14188.4	13268.4	13998	13425.1	0	13930.4	13491.5	13402.9	13486.3	29097.1	28716.5	28991.5	28851.3	28576.6	28757.2	57022.1	57020	56947.5	57043.4	57172.6	56579.8	56980.5	46600.3	57025.6
14317.4	14171.3	14186.4	14203.9	14391.5	13473.4	15090.7	13987.2	13771.7	13450.7	14396	13800	14320	13407.6	13930.4	0	13351.4	13201.5	13730.6	29137.7	29007.4	28984.3	29213.8	28682.4	28727.9	57113.5	56859	56903	57179.1	57097.8	56541.1	56893.9	46644.4	57060.6
14434.1	14012.4	14235.5	14694.5	14176.6	13244.9	14502.8	13799.4	13858	13358.3	14167.6	13448.8	14022.6	12997.4	13491.5	13351.4	0	13200.8	13587.2	28927.1	28400.9	28510.8	28938.4	28414.9	28819.1	57033.5	57063.5	57020.1	57042.6	57058	56635.1	56975.8	46701.8	57148.5
14012	13935.9	13924	14062	14000.8	13511.5	14657.5	13719.9	13546.7	13557.3	13833.7	13295.1	13819.6	12624.7	13402.9	13201.5	13200.8	0	13289.1	29041.3	28957.5	29269.4	29270.7	28690.1	28793.9	57131.9	57054.2	57051	57085.7	57232	56699.6	57063.9	46716.5	57184.4
14157.3	14117.2	14053	14318.5	13832.9	13490.4	14862.3	13970.5	13081.4	13691.8	14019.1	12970.5	13971.7	13241.2	13486.3	13730.6	13587.2	13289.1	0	29393.7	29050.1	29300.1	29307.4	28944	28909.4	57187.7	57164.2	57073.7	57170.8	57237.4	56797.8	57150.7	46829.7	57330.4
29241	28655.1	29125.3	28965.5	29131.2	29068.9	28490	28892	29203	28879.5	28763.1	29077.7	28920	29047.5	29097.1	29137.7	28927.1	29041.3	29393.7	0	12465.8	12535.1	12311.1	12637.2	12340.7	53767.7	53671.1	53761.4	53787	53799.2	53107.5	53522.1	47085.9	54005.5
28940.1	28599.2	28639.3	28731.5	28896.1	28602.4	28391.7	28720.7	28814.6	28424.6	28613	28636.1	28526.1	28872.7	28716.5	29007.4	28400.9	28957.5	29050.1	12465.8	0	12342.5	11835.3	12448.8	11817.7	53778.8	53757.9	53630	53834.4	53853.6	53292.4	53662.9	47098.8	54054.7
29077.9	28903.9	29110.2	29112.9	29280.5	28691.8	28762.6	29054.2	29028.8	28768.2	29030.9	28976.5	28815.5	29121.1	28991.5	28984.3	28510.8	29269.4	29300.1	12535.1	12342.5	0	11772.1	12560.8	12254.8	54377.9	54439.9	54373.6	54561.4	54599.4	53757	54288	47761	54460.4
29283.6	28877.6	29135	29098.3	29352.2	29109.5	28633.9	29146.6	29389.9	29060.9	28984.2	29046.8	29026.1	29212.2	28851.3	29213.8	28938.4	29270.7	29307.4	12311.1	11835.3	11772.1	0	12194.8	11716.7	54191.7	54337.5	54174.6	54521.2	54309.7	53771.9	54237.4	47590.6	54527.3
28913.6	28707.7	28811.2	28795.4	28772.1	28559.6	28592.7	28752.2	28651.4	28250.7	28615.5	28742.4	28492.4	28688.3	28576.6	28682.4	28414.9	28690.1	28944	12637.2	12448.8	12560.8	12194.8	0	12210.1	54213	54149	54119.1	54313.3	54311.9	53804	54141.7	47583.4	54358.3
29127.2	28521.6	28828.2	28793.3	28760	28680.7	28727.9	28690.9	28844.8	28612.8	28640.1	28658	28536.4	28885.5	28757.2	28727.9	28819.1	28793.9	28909.4	12340.7	11817.7	12254.8	11716.7	12210.1	0	53849.4	53874.9	53870.3	54054.2	53973.3	53451.1	53956.2	47253.2	54024.3
56877.7	56587.2	56746.3	57035.4	56952.8	56985.3	56407.4	57132.1	57200.8	57006.6	56642.2	56914.6	56964.8	57385.1	57022.1	57113.5	57033.5	57131.9	57187.7	53767.7	53778.8	54377.9	54191.7	54213	53849.4	0	7524.71	7442.65	7353.75	7512.52	7891.79	7444.86	17434.1	7710.74
56914.1	56537.6	56691.4	56723.3	56899.6	57087.7	56503.5	56943.9	56975.4	56874.6	56601.5	56885.6	57007	57390.4	57020	56859	57063.5	57054.2	57164.2	53671.1	53757.9	54439.9	54337.5	54149	53874.9	7524.71	0	7601.98	7405.78	7342.57	7581.02	7405.11	17278.2	7608.19
56791	56420.8	56675.2	56868.1	56813.1	57104.5	56432.6	57033.1	57014.4	56828.2	56570.2	56749.8	57060.1	57351	56947.5	56903	57020.1	57051	57073.7	53761.4	53630	54373.6	54174.6	54119.1	53870.3	7442.65	7601.98	0	7372.06	7614.13	8172.94	7366.47	17009.9	7610.71
56932.2	56616.3	56759.3	56923.5	56966.9	57079.9	56422.3	57118.2	57097.3	57046	56711.6	56766.6	57141.2	57417.6	57043.4	57179.1	57042.6	57085.7	57170.8	53787	53834.4	54561.4	54521.2	54313.3	54054.2	7353.75	7405.78	7372.06	0	7528.69	8157.51	7640.26	17690.3	7732.05
56928.5	56620.8	56763.7	56942	57065.8	57117.4	56611.5	57092.2	57139.8	56992.8	56689.8	56988.4	57148.5	57449.9	57172.6	57097.8	57058	57232	57237.4	53799.2	53853.6	54599.4	54309.7	54311.9	53973.3	7512.52	7342.57	7614.13	7528.69	0	8130.97	7448.1	17340.4	7637.47
56360.9	56133.3	56400.4	56554.2	56577.3	56716.5	56068	56599.3	56667.9	56480.3	56175.4	56486.1	56605.3	56987.3	56579.8	56541.1	56635.1	56699.6	56797.8	53107.5	53292.4	53757	53771.9	53804	53451.1	7891.79	7581.02	8172.94	8157.51	8130.97	0	8070.35	17894.4	8439.8
56705.3	56470.2	56564.7	56755.4	56867.2	57023.1	56535.9	57074.2	56896.8	56751.7	56538.1	56756.8	57056.9	57425.9	56980.5	56893.9	56975.8	57063.9	57150.7	53522.1	53662.9	54288	54237.4	54141.7	53956.2	7444.86	7405.11	7366.47	7640.26	7448.1	8070.35	0	17381.2	7360.64
46631.2	46126.1	46411.5	46300.1	46174.9	46696.4	46112.2	46683.1	46483.2	46647.8	46227.2	46452.8	46665.8	47052.9	46600.3	46644.4	46701.8	46716.5	46829.7	47085.9	47098.8	47761	47590.6	47583.4	47253.2	17434.1	17278.2	17009.9	17690.3	17340.4	17894.4	17381.2	0	17519.7
56835.1	56771.7	56720.2	56990.6	56997.6	57107.3	56655.1	57092.2	57281.3	56907.5	56710.8	57009.7	57221.7	57476.2	57025.6	57060.6	57148.5	57184.4	57330.4	54005.5	54054.7	54460.4	54527.3	54358.3	54024.3	7710.74	7608.19	7610.71	7732.05	7637.47	8439.8	7360.64	17519.7	0
